CHEMBL18 5 0.000284 4.999716 
CHEMBL200102 5 0.000526 4.999474 
CHEMBL4297458 5 0.000698 4.999302 
CHEMBL3916243 5 0.000702 4.999298 
CHEMBL19 5 0.000783 4.999215 
CHEMBL3661115 5 0.001099 4.998901 
CHEMBL255863 5 0.001212 4.998788 
CHEMBL334830 5 0.001245 4.998755 
CHEMBL4204869 5 0.001272 4.998728 
CHEMBL3092562 5 0.0014 4.9986 
CHEMBL1801204 5 0.001558 4.998442 
CHEMBL1230122 5 0.001609 4.998391 
CHEMBL3301612 5 0.001629 4.998372 
CHEMBL1201161 5 0.001968 4.998033 
CHEMBL2336325 5 0.002312 4.997687 
CHEMBL4297383 5 0.002395 4.997605 
CHEMBL1201187 5 0.002457 4.997544 
CHEMBL119385 5 0.002544 4.997456 
CHEMBL252164 5 0.00268 4.99732 
CHEMBL1200563 5 0.002689 4.997311 
CHEMBL1236682 5 0.002744 4.997256 
CHEMBL3989948 5 0.002978 4.997022 
CHEMBL4297524 5 0.003009 4.996991 
CHEMBL2105762 5 0.003019 4.996981 
CHEMBL4297470 5 0.003167 4.996833 
CHEMBL1208829 5 0.003258 4.996742 
CHEMBL3545378 5 0.003291 4.996709 
CHEMBL4297649 5 0.003298 4.996702 
CHEMBL3581647 5 0.003361 4.996639 
CHEMBL3939284 5 0.003374 4.996626 
CHEMBL288441 5 0.003606 4.996394 
CHEMBL190333 5 0.00368 4.996321 
CHEMBL2364607 5 0.003701 4.996299 
CHEMBL198362 5 0.003762 4.996238 
CHEMBL1766582 5 0.003861 4.996138 
CHEMBL237500 5 0.004187 4.995813 
CHEMBL3301601 5 0.00422 4.99578 
CHEMBL206815 5 0.004234 4.995766 
CHEMBL197672 5 0.004534 4.995467 
CHEMBL1780010 5 0.004611 4.995389 
CHEMBL494753 5 0.004638 4.995362 
CHEMBL1200980 5 0.004648 4.995352 
CHEMBL75094 5 0.004704 4.995296 
CHEMBL601719 5 0.004766 4.995235 
CHEMBL2381408 5 0.004782 4.995218 
CHEMBL419 5 0.005177 4.994823 
CHEMBL1201740 5 0.005205 4.994795 
CHEMBL3402567 5 0.005217 4.994783 
CHEMBL3904602 5 0.005229 4.994771 
CHEMBL591118 5 0.005448 4.994553 
CHEMBL1951575 5 0.005595 4.994406 
CHEMBL4208229 5 0.005615 4.994385 
CHEMBL3991065 5 0.005839 4.994161 
CHEMBL2333941 5 0.005882 4.994118 
CHEMBL3544964 5 0.006038 4.993962 
CHEMBL1090089 5 0.006135 4.993865 
CHEMBL3545264 5 0.006174 4.993826 
CHEMBL1088750 5 0.006198 4.993802 
CHEMBL514201 5 0.006257 4.993743 
CHEMBL1229211 5 0.006298 4.993702 
CHEMBL2386346 5 0.006357 4.993643 
CHEMBL1088752 5 0.006371 4.993629 
CHEMBL4297613 5 0.006477 4.993523 
CHEMBL579217 5 0.006535 4.993466 
CHEMBL1213165 5 0.006538 4.993461 
CHEMBL2402737 5 0.006576 4.993424 
CHEMBL4297465 5 0.006721 4.993279 
CHEMBL3301608 5 0.006733 4.993267 
CHEMBL3989867 5 0.006942 4.993058 
CHEMBL2146883 5 0.007022 4.992978 
CHEMBL518520 5 0.007063 4.992937 
CHEMBL1200678 5 0.007167 4.992833 
CHEMBL2218893 5 0.007183 4.992818 
CHEMBL2111083 5 0.007661 4.992339 
CHEMBL4297477 5 0.007768 4.992232 
CHEMBL3681949 5 0.007782 4.992218 
CHEMBL3982690 5 0.007903 4.992097 
CHEMBL220491 5 0.008383 4.991616 
CHEMBL217092 5 0.008418 4.991582 
CHEMBL3989516 5 0.008565 4.991435 
CHEMBL2105754 5 0.008571 4.991429 
CHEMBL223228 5 0.008587 4.991413 
CHEMBL21 5 0.008644 4.991356 
CHEMBL1182714 5 0.009176 4.990824 
CHEMBL1258517 5 0.009318 4.990682 
CHEMBL3287218 5 0.009593 4.990407 
CHEMBL3137330 5 0.009703 4.990297 
CHEMBL1779710 5 0.009733 4.990267 
CHEMBL1189025 5 0.009766 4.990234 
CHEMBL4297454 5 0.010465 4.989536 
CHEMBL2403238 5 0.010703 4.989297 
CHEMBL2386889 5 0.010752 4.989248 
CHEMBL2041933 5 0.0108 4.9892 
CHEMBL1645462 5 0.01085 4.98915 
CHEMBL1079593 5 0.010932 4.989068 
CHEMBL3987016 5 0.011042 4.988958 
CHEMBL393220 5 0.011144 4.988856 
CHEMBL2043025 5 0.011394 4.988606 
CHEMBL4297505 5 0.011538 4.988461 
CHEMBL296468 5 0.011578 4.988422 
CHEMBL1232461 5 0.011631 4.988369 
CHEMBL2218919 5 0.01175 4.98825 
CHEMBL1205 5 0.011756 4.988244 
CHEMBL2331680 5 0.011987 4.988013 
CHEMBL305666 5 0.012044 4.987956 
CHEMBL3301616 5 0.012506 4.987494 
CHEMBL4212531 5 0.012734 4.987266 
CHEMBL1200866 5 0.013027 4.986973 
CHEMBL197194 5 0.013126 4.986874 
CHEMBL554 5 0.013448 4.986552 
CHEMBL1738757 5 0.013518 4.986482 
CHEMBL377300 5 0.013792 4.986208 
CHEMBL4297324 5 0.014417 4.985583 
CHEMBL1614766 5 0.014483 4.985517 
CHEMBL1163 5 0.014666 4.985334 
CHEMBL584 5 0.014903 4.985097 
CHEMBL440498 5 0.014915 4.985084 
CHEMBL1095032 5 0.014957 4.985043 
CHEMBL1650443 5 0.014968 4.985032 
CHEMBL603469 5 0.015199 4.984801 
CHEMBL3301610 5 0.015227 4.984773 
CHEMBL3125702 5 0.015449 4.984551 
CHEMBL2010872 5 0.015583 4.984417 
CHEMBL494089 5 0.015826 4.984174 
CHEMBL1091644 5 0.015837 4.984164 
CHEMBL3545215 5 0.016243 4.983757 
CHEMBL1735 5 0.016354 4.983646 
CHEMBL4297526 5 0.017113 4.982887 
CHEMBL4297600 5 0.017207 4.982793 
CHEMBL1614650 5 0.01811 4.98189 
CHEMBL2103838 5 0.018187 4.981813 
CHEMBL3039520 5 0.018215 4.981786 
CHEMBL82202 5 0.018244 4.981756 
CHEMBL1201250 5 0.018586 4.981414 
CHEMBL1487 5 0.019055 4.980945 
CHEMBL3622821 5 0.019156 4.980844 
CHEMBL4300154 5 0.019201 4.980799 
CHEMBL3707248 5 0.019337 4.980663 
CHEMBL2205230 5 0.020338 4.979662 
CHEMBL115 5 0.020436 4.979564 
CHEMBL2364639 5 0.020538 4.979462 
CHEMBL109480 5 0.020568 4.979432 
CHEMBL481 5 0.02062 4.97938 
CHEMBL2347655 5 0.020809 4.979191 
CHEMBL4297189 5 0.021383 4.978617 
CHEMBL1651956 5 0.02159 4.97841 
CHEMBL1688529 5 0.021594 4.978406 
CHEMBL160 5 0.022202 4.977798 
CHEMBL3894860 5 0.022205 4.977795 
CHEMBL607707 5 0.022754 4.977246 
CHEMBL220050 5 0.022908 4.977092 
CHEMBL1660 5 0.023033 4.976967 
CHEMBL3989868 5 0.023035 4.976965 
CHEMBL2387080 5 0.023225 4.976775 
CHEMBL1096896 5 0.023341 4.976659 
CHEMBL2396989 5 0.023886 4.976114 
CHEMBL521686 5 0.02433 4.975669 
CHEMBL3989766 5 0.024702 4.975298 
CHEMBL3181870 5 0.024735 4.975265 
CHEMBL3989461 5 0.025242 4.974758 
CHEMBL203567 5 0.025248 4.974752 
CHEMBL1208422 5 0.025644 4.974356 
CHEMBL3695568 5 0.025733 4.974267 
CHEMBL1829174 5 0.02589 4.97411 
CHEMBL2105637 5 0.026135 4.973865 
CHEMBL2103840 5 0.026225 4.973775 
CHEMBL3183409 5 0.026303 4.973697 
CHEMBL1086218 5 0.026324 4.973676 
CHEMBL1801250 5 0.026533 4.973467 
CHEMBL4065122 5 0.026933 4.973067 
CHEMBL3301603 5 0.027079 4.972921 
CHEMBL2105638 5 0.027226 4.972774 
CHEMBL1201179 5 0.027482 4.972518 
CHEMBL1195136 5 0.027738 4.972262 
CHEMBL3301622 5 0.027804 4.972196 
CHEMBL1688530 5 0.027986 4.972013 
CHEMBL575448 5 0.028296 4.971704 
CHEMBL1873475 5 0.029114 4.970886 
CHEMBL3989759 5 0.02925 4.97075 
CHEMBL1688243 5 0.029387 4.970613 
CHEMBL1088751 5 0.0305 4.9695 
CHEMBL482967 5 0.03066 4.969341 
CHEMBL200177 5 0.030816 4.969184 
CHEMBL1200707 5 0.030897 4.969102 
CHEMBL1200692 5 0.031251 4.968749 
CHEMBL2107831 5 0.031539 4.968461 
CHEMBL4297597 5 0.031831 4.968169 
CHEMBL3707269 5 0.03197 4.968031 
CHEMBL500853 5 0.032402 4.967598 
CHEMBL3137308 5 0.033386 4.966615 
CHEMBL3989866 5 0.033543 4.966457 
CHEMBL2104954 5 0.033709 4.966291 
CHEMBL3137313 5 0.033756 4.966244 
CHEMBL3911164 5 0.034117 4.965883 
CHEMBL3113734 5 0.034752 4.965248 
CHEMBL570015 5 0.034891 4.965109 
CHEMBL3707235 5 0.034952 4.965048 
CHEMBL598797 5 0.035312 4.964688 
CHEMBL24828 5 0.035667 4.964333 
CHEMBL1952329 5 0.036508 4.963492 
CHEMBL2403108 5 0.036773 4.963227 
CHEMBL1922235 5 0.037535 4.962465 
CHEMBL850 5 0.037552 4.962448 
CHEMBL1269597 5 0.037938 4.962062 
CHEMBL1554 5 0.038066 4.961934 
CHEMBL3989968 5 0.038066 4.961934 
CHEMBL592445 5 0.038213 4.961787 
CHEMBL3359265 5 0.038371 4.961628 
CHEMBL2013174 5 0.038776 4.961224 
CHEMBL1214827 5 0.039033 4.960967 
CHEMBL3301599 5 0.03916 4.96084 
CHEMBL3039513 5 0.039412 4.960588 
CHEMBL3989514 5 0.039687 4.960313 
CHEMBL2107777 5 0.040484 4.959515 
CHEMBL219410 5 0.040656 4.959344 
CHEMBL522892 5 0.041035 4.958965 
CHEMBL2359093 5 0.041773 4.958227 
CHEMBL3261331 5 0.042434 4.957566 
CHEMBL3286830 5 0.044445 4.955555 
CHEMBL4292264 5 0.045026 4.954974 
CHEMBL1233940 5 0.045065 4.954935 
CHEMBL2012520 5 0.045253 4.954747 
CHEMBL3414621 5 0.045475 4.954525 
CHEMBL507361 5 0.045483 4.954517 
CHEMBL574738 5 0.04657 4.95343 
CHEMBL1082723 5 0.046573 4.953427 
CHEMBL4297377 5 0.047325 4.952675 
CHEMBL4297374 5 0.047409 4.952591 
CHEMBL512351 5 0.047552 4.952448 
CHEMBL363648 5 0.048643 4.951357 
CHEMBL4297063 5 0.048982 4.951018 
CHEMBL3287379 5 0.04956 4.95044 
CHEMBL178654 5 0.049647 4.950353 
CHEMBL2107751 5 0.050087 4.949913 
CHEMBL1230065 5 0.050516 4.949483 
CHEMBL4093031 5 0.050523 4.949477 
CHEMBL4297528 5 0.050717 4.949283 
CHEMBL278315 5 0.051105 4.948895 
CHEMBL545437 5 0.052189 4.947811 
CHEMBL180022 5 0.0529 4.9471 
CHEMBL1587 5 0.053106 4.946894 
CHEMBL4297455 5 0.053818 4.946182 
CHEMBL2170582 5 0.054498 4.945502 
CHEMBL4297478 5 0.054683 4.945317 
CHEMBL2323775 5 0.054729 4.945271 
CHEMBL4297527 5 0.055236 4.944764 
CHEMBL3121849 5 0.056393 4.943607 
CHEMBL3674570 5 0.057185 4.942815 
CHEMBL1090479 5 0.057463 4.942537 
CHEMBL4297475 5 0.058002 4.941998 
CHEMBL2105630 5 0.058277 4.941722 
CHEMBL4297467 5 0.058531 4.941469 
CHEMBL1259 5 0.059433 4.940567 
CHEMBL2103858 5 0.059981 4.940019 
CHEMBL513909 5 0.060707 4.939293 
CHEMBL1739 5 0.061329 4.938671 
CHEMBL1193948 5 0.061831 4.938169 
CHEMBL2110666 5 0.062272 4.937728 
CHEMBL64391 5 0.062516 4.937484 
CHEMBL219586 5 0.064928 4.935072 
CHEMBL3920982 5 0.064987 4.935013 
CHEMBL1938400 5 0.065015 4.934985 
CHEMBL14249 5 0.065192 4.934808 
CHEMBL4297315 5 0.065514 4.934485 
CHEMBL2104962 5 0.067375 4.932625 
CHEMBL4297628 5 0.06764 4.93236 
CHEMBL3545340 5 0.06806 4.93194 
CHEMBL383824 5 0.068249 4.931752 
CHEMBL1983268 5 0.069141 4.930859 
CHEMBL4217292 5 0.069872 4.930128 
CHEMBL4301163 5 0.070283 4.929717 
CHEMBL3963485 5 0.071132 4.928868 
CHEMBL457748 5 0.071449 4.928551 
CHEMBL1967878 5 0.072367 4.927633 
CHEMBL3989921 5 0.072438 4.927562 
CHEMBL1171837 5 0.073164 4.926836 
CHEMBL4297423 5 0.07375 4.92625 
CHEMBL3545420 5 0.075317 4.924683 
CHEMBL374478 5 0.075743 4.924257 
CHEMBL2031465 5 0.076087 4.923913 
CHEMBL3580737 5 0.077396 4.922604 
CHEMBL1835919 5 0.07883 4.92117 
CHEMBL3545312 5 0.079747 4.920253 
CHEMBL450449 5 0.080189 4.919811 
CHEMBL2058833 5 0.083205 4.916795 
CHEMBL3182621 5 0.0833 4.9167 
CHEMBL3545062 5 0.083302 4.916698 
CHEMBL1421 5 0.084752 4.915248 
CHEMBL107 5 0.084856 4.915144 
CHEMBL2364638 5 0.084867 4.915132 
CHEMBL1237070 5 0.086216 4.913784 
CHEMBL20 5 0.087865 4.912135 
CHEMBL4297601 5 0.087869 4.912131 
CHEMBL2303613 5 0.089057 4.910943 
CHEMBL94 5 0.089221 4.910779 
CHEMBL2103842 5 0.089293 4.910707 
CHEMBL2105708 5 0.089304 4.910696 
CHEMBL4297302 5 0.089556 4.910444 
CHEMBL4297676 5 0.091041 4.90896 
CHEMBL3137317 5 0.091825 4.908175 
CHEMBL297812 5 0.092133 4.907867 
CHEMBL2095224 5 0.092615 4.907385 
CHEMBL2105891 5 0.093557 4.906443 
CHEMBL2364611 5 0.095504 4.904497 
CHEMBL3989969 5 0.095883 4.904117 
CHEMBL428690 5 0.09719 4.90281 
CHEMBL3989931 5 0.097572 4.902428 
CHEMBL4297482 5 0.09782 4.90218 
CHEMBL457547 5 0.098241 4.901759 
CHEMBL2079588 5 0.099535 4.900465 
CHEMBL3793226 5 0.101929 4.898071 
CHEMBL44426 5 0.101972 4.898028 
CHEMBL206834 5 0.104719 4.895282 
CHEMBL2107832 5 0.105513 4.894487 
CHEMBL1201281 5 0.107213 4.892787 
CHEMBL3639788 5 0.107722 4.892278 
CHEMBL2146086 5 0.108026 4.891974 
CHEMBL490029 5 0.108552 4.891448 
CHEMBL4297542 5 0.108776 4.891225 
CHEMBL1201174 5 0.109753 4.890247 
CHEMBL595573 5 0.109755 4.890245 
CHEMBL2105728 5 0.110168 4.889832 
CHEMBL3989908 5 0.111082 4.888918 
CHEMBL1422 5 0.111152 4.888848 
CHEMBL603 5 0.112434 4.887566 
CHEMBL265502 5 0.112537 4.887463 
CHEMBL35228 5 0.114139 4.885861 
CHEMBL1615025 5 0.115715 4.884285 
CHEMBL587723 5 0.116278 4.883721 
CHEMBL1939499 5 0.116658 4.883341 
CHEMBL2105698 5 0.11667 4.88333 
CHEMBL1289926 5 0.118075 4.881925 
CHEMBL1276678 5 0.118335 4.881665 
CHEMBL2105737 5 0.11906 4.88094 
CHEMBL3184679 5 0.121561 4.878439 
CHEMBL338975 5 0.121964 4.878035 
CHEMBL3828074 5 0.122901 4.877099 
CHEMBL304087 5 0.126899 4.873101 
CHEMBL4297367 5 0.133183 4.866817 
CHEMBL3545042 5 0.133213 4.866787 
CHEMBL1236924 5 0.133254 4.866746 
CHEMBL1477 5 0.134372 4.865628 
CHEMBL1082407 5 0.135121 4.864879 
CHEMBL3545076 5 0.136207 4.863793 
CHEMBL4297261 5 0.137659 4.862341 
CHEMBL4297088 5 0.142778 4.857222 
CHEMBL3975308 5 0.143749 4.856251 
CHEMBL1481 5 0.146287 4.853713 
CHEMBL152067 5 0.146375 4.853625 
CHEMBL790 5 0.152877 4.847122 
CHEMBL3265032 5 0.156593 4.843407 
CHEMBL1200729 5 0.158264 4.841736 
CHEMBL31965 5 0.161838 4.838162 
CHEMBL262777 5 0.163696 4.836304 
CHEMBL1213492 5 0.1647 4.8353 
CHEMBL1484251 5 0.164836 4.835164 
CHEMBL3338194 5 0.166739 4.833261 
CHEMBL225411 5 0.167324 4.832676 
CHEMBL4205422 5 0.16859 4.83141 
CHEMBL1184904 5 0.168621 4.831378 
CHEMBL503 5 0.1689 4.8311 
CHEMBL4297183 5 0.170055 4.829945 
CHEMBL41355 5 0.170585 4.829415 
CHEMBL3545369 5 0.170871 4.829129 
CHEMBL105442 5 0.172317 4.827683 
CHEMBL3623004 5 0.17241 4.82759 
CHEMBL1200507 5 0.172908 4.827092 
CHEMBL3545166 5 0.174364 4.825636 
CHEMBL4204794 5 0.174495 4.825505 
CHEMBL4071161 5 0.174975 4.825025 
CHEMBL506981 5 0.175534 4.824466 
CHEMBL255044 5 0.176632 4.823368 
CHEMBL4297629 5 0.176686 4.823314 
CHEMBL2105131 5 0.177856 4.822144 
CHEMBL2107823 5 0.179771 4.820229 
CHEMBL514270 5 0.180619 4.819381 
CHEMBL269732 5 0.181604 4.818396 
CHEMBL3707312 5 0.184406 4.815594 
CHEMBL2403318 5 0.185995 4.814005 
CHEMBL4297323 5 0.187651 4.812349 
CHEMBL435 5 0.187694 4.812306 
CHEMBL572878 5 0.187822 4.812178 
CHEMBL377559 5 0.188346 4.811654 
CHEMBL545315 5 0.188616 4.811384 
CHEMBL4297657 5 0.188626 4.811374 
CHEMBL254316 5 0.190053 4.809947 
CHEMBL482968 5 0.190969 4.809031 
CHEMBL3544932 5 0.194823 4.805178 
CHEMBL1741078 5 0.19492 4.80508 
CHEMBL2181753 5 0.195295 4.804705 
CHEMBL2354444 5 0.199368 4.800632 
CHEMBL322241 5 0.200013 4.799987 
CHEMBL1144 5 0.200327 4.799674 
CHEMBL3622820 5 0.201753 4.798246 
CHEMBL1672635 5 0.202835 4.797165 
CHEMBL1289601 5 0.206711 4.793289 
CHEMBL2105759 5 0.206976 4.793024 
CHEMBL1276308 5 0.208473 4.791527 
CHEMBL3137318 5 0.210596 4.789404 
CHEMBL1200628 5 0.212526 4.787474 
CHEMBL46618 5 0.214097 4.785903 
CHEMBL4297668 5 0.214147 4.785853 
CHEMBL564829 5 0.214986 4.785014 
CHEMBL38827 5 0.216711 4.783289 
CHEMBL413 5 0.217303 4.782697 
CHEMBL267431 5 0.218452 4.781548 
CHEMBL3137315 5 0.218967 4.781033 
CHEMBL1789842 5 0.219707 4.780294 
CHEMBL3319236 5 0.220239 4.779761 
CHEMBL2177913 5 0.220381 4.779619 
CHEMBL3989887 5 0.224471 4.775529 
CHEMBL2105704 5 0.224541 4.775459 
CHEMBL501849 5 0.22492 4.77508 
CHEMBL1079742 5 0.225106 4.774894 
CHEMBL3948730 5 0.225283 4.774717 
CHEMBL1980297 5 0.226248 4.773752 
CHEMBL103667 5 0.226738 4.77326 
CHEMBL2035187 5 0.229337 4.770663 
CHEMBL4297067 5 0.229478 4.770522 
CHEMBL1064 5 0.22988 4.77012 
CHEMBL4291143 5 0.231011 4.768989 
CHEMBL3137320 5 0.231886 4.768114 
CHEMBL553 5 0.232307 4.767693 
CHEMBL3989869 5 0.232448 4.767552 
CHEMBL3545308 5 0.236959 4.763041 
CHEMBL1095777 5 0.240151 4.759849 
CHEMBL1173655 5 0.240386 4.759614 
CHEMBL1230609 5 0.242146 4.757854 
CHEMBL2447908 5 0.24451 4.75549 
CHEMBL1543 5 0.245189 4.754811 
CHEMBL2220486 5 0.247741 4.752259 
CHEMBL2107340 5 0.250388 4.749612 
CHEMBL2218894 5 0.250816 4.749184 
CHEMBL2263632 5 0.251385 4.748615 
CHEMBL4297507 5 0.254146 4.745854 
CHEMBL729 5 0.25688 4.74312 
CHEMBL2104404 5 0.259562 4.740438 
CHEMBL3545396 5 0.259611 4.740389 
CHEMBL1171829 5 0.260119 4.73988 
CHEMBL4297664 5 0.260986 4.739014 
CHEMBL2105712 5 0.261993 4.738007 
CHEMBL269259 5 0.265404 4.734596 
CHEMBL488436 5 0.269375 4.730624 
CHEMBL4297636 5 0.270456 4.729544 
CHEMBL3545085 5 0.271722 4.728278 
CHEMBL398891 5 0.272289 4.727711 
CHEMBL2107772 5 0.277681 4.722319 
CHEMBL3545274 5 0.277836 4.722164 
CHEMBL46740 5 0.278179 4.721821 
CHEMBL4297633 5 0.28329 4.71671 
CHEMBL1652442 5 0.284666 4.715334 
CHEMBL2103875 5 0.285586 4.714414 
CHEMBL303933 5 0.286467 4.713533 
CHEMBL508360 5 0.290224 4.709776 
CHEMBL2017974 5 0.291517 4.708483 
CHEMBL2105686 5 0.291815 4.708185 
CHEMBL1673159 5 0.292389 4.707611 
CHEMBL2107787 5 0.293886 4.706114 
CHEMBL1944698 5 0.294689 4.705311 
CHEMBL437765 5 0.297283 4.702717 
CHEMBL2325741 5 0.298074 4.701926 
CHEMBL4297181 5 0.298081 4.701919 
CHEMBL3989926 5 0.298812 4.701188 
CHEMBL2142592 5 0.299298 4.700702 
CHEMBL277100 5 0.300421 4.699579 
CHEMBL539666 5 0.302232 4.697768 
CHEMBL1236962 5 0.302989 4.697011 
CHEMBL2107212 5 0.306381 4.693619 
CHEMBL1200480 5 0.306861 4.693139 
CHEMBL2105741 5 0.309006 4.690995 
CHEMBL2107495 5 0.310402 4.689598 
CHEMBL4297647 5 0.311192 4.688808 
CHEMBL2105857 5 0.312021 4.687979 
CHEMBL4297498 5 0.313773 4.686227 
CHEMBL3643413 5 0.31504 4.68496 
CHEMBL4085457 5 0.317518 4.682482 
CHEMBL2110727 5 0.317896 4.682104 
CHEMBL257662 5 0.320453 4.679547 
CHEMBL2105680 5 0.321399 4.678602 
CHEMBL521851 5 0.324431 4.675569 
CHEMBL1922094 5 0.325636 4.674364 
CHEMBL3707350 5 0.326782 4.673218 
CHEMBL1667969 5 0.326948 4.673052 
CHEMBL1200555 5 0.331975 4.668025 
CHEMBL3085504 5 0.333547 4.666454 
CHEMBL3348923 5 0.334575 4.665426 
CHEMBL3663929 5 0.334826 4.665174 
CHEMBL3989909 5 0.336599 4.663401 
CHEMBL1200393 5 0.337566 4.662434 
CHEMBL1680 5 0.338576 4.661424 
CHEMBL435883 5 0.340575 4.659425 
CHEMBL2105834 5 0.340941 4.659059 
CHEMBL3039498 5 0.347951 4.652049 
CHEMBL2106615 5 0.350214 4.649786 
CHEMBL447955 5 0.352347 4.647653 
CHEMBL444633 5 0.353689 4.646312 
CHEMBL231779 5 0.355302 4.644698 
CHEMBL583 5 0.355821 4.644179 
CHEMBL403664 5 0.357903 4.642097 
CHEMBL107367 5 0.359464 4.640535 
CHEMBL4297615 5 0.361472 4.638528 
CHEMBL346631 5 0.361614 4.638386 
CHEMBL592435 5 0.362843 4.637156 
CHEMBL3402762 5 0.363556 4.636444 
CHEMBL3301606 5 0.365886 4.634114 
CHEMBL3787344 5 0.372513 4.627487 
CHEMBL3137314 5 0.376037 4.623963 
CHEMBL4297589 5 0.376857 4.623143 
CHEMBL4297187 5 0.381465 4.618535 
CHEMBL1614702 5 0.384467 4.615533 
CHEMBL3219124 5 0.384594 4.615406 
CHEMBL2103791 5 0.393614 4.606386 
CHEMBL2087361 5 0.39502 4.60498 
CHEMBL3360203 5 0.39564 4.604361 
CHEMBL3407547 5 0.396114 4.603886 
CHEMBL402548 5 0.396972 4.603028 
CHEMBL4297530 5 0.398967 4.601034 
CHEMBL3187683 5 0.402354 4.597647 
CHEMBL1207745 5 0.402963 4.597037 
CHEMBL3545163 5 0.403833 4.596166 
CHEMBL3707348 5 0.40442 4.59558 
CHEMBL1615807 5 0.404798 4.595203 
CHEMBL1200686 5 0.405322 4.594678 
CHEMBL3544911 5 0.406188 4.593811 
CHEMBL1200951 5 0.407725 4.592275 
CHEMBL2107384 5 0.411499 4.588501 
CHEMBL551813 5 0.412377 4.587623 
CHEMBL1911274 5 0.41259 4.58741 
CHEMBL4297480 5 0.415384 4.584616 
CHEMBL3334567 5 0.416143 4.583857 
CHEMBL3545341 5 0.41746 4.58254 
CHEMBL3301607 5 0.417684 4.582316 
CHEMBL4297645 5 0.421797 4.578203 
CHEMBL787 5 0.422637 4.577363 
CHEMBL1084546 5 0.42736 4.57264 
CHEMBL126648 5 0.430957 4.569043 
CHEMBL1200681 5 0.434011 4.565989 
CHEMBL236593 5 0.439977 4.560023 
CHEMBL203665 5 0.441302 4.558698 
CHEMBL3545337 5 0.442109 4.557891 
CHEMBL338604 5 0.443609 4.556391 
CHEMBL2105684 5 0.44446 4.55554 
CHEMBL436774 5 0.447209 4.552791 
CHEMBL1231160 5 0.45184 4.54816 
CHEMBL289228 5 0.452293 4.547706 
CHEMBL60889 5 0.455328 4.544672 
CHEMBL82301 5 0.455827 4.544173 
CHEMBL1360 5 0.456387 4.543613 
CHEMBL2103828 5 0.458577 4.541423 
CHEMBL3916717 5 0.460549 4.53945 
CHEMBL3707372 5 0.462037 4.537963 
CHEMBL1616008 5 0.46546 4.53454 
CHEMBL1614701 5 0.467593 4.532407 
CHEMBL1201248 5 0.469973 4.530027 
CHEMBL1230165 5 0.472606 4.527394 
CHEMBL1275839 5 0.477683 4.522317 
CHEMBL451887 5 0.481044 4.518956 
CHEMBL2392545 5 0.482549 4.517451 
CHEMBL1200641 5 0.484004 4.515996 
CHEMBL1951914 5 0.484581 4.515419 
CHEMBL1950651 5 0.489174 4.510826 
CHEMBL551064 5 0.491595 4.508405 
CHEMBL2364614 5 0.495543 4.504457 
CHEMBL1200647 5 0.499221 4.500779 
CHEMBL4297289 5 0.500284 4.499716 
CHEMBL1200527 5 0.501087 4.498913 
CHEMBL2103743 5 0.503049 4.496951 
CHEMBL4297416 5 0.505239 4.494761 
CHEMBL3989914 5 0.506081 4.493918 
CHEMBL1733174 5 0.506566 4.493435 
CHEMBL4297487 5 0.508832 4.491168 
CHEMBL562668 5 0.50889 4.49111 
CHEMBL1092581 5 0.50905 4.49095 
CHEMBL2219422 5 0.511189 4.488811 
CHEMBL3304244 5 0.513245 4.486755 
CHEMBL3967849 5 0.514605 4.485395 
CHEMBL690 5 0.516185 4.483815 
CHEMBL1512580 5 0.520185 4.479815 
CHEMBL3186534 5 0.520442 4.479558 
CHEMBL4297142 5 0.527685 4.472315 
CHEMBL3137305 5 0.527721 4.472279 
CHEMBL2105656 5 0.528848 4.471152 
CHEMBL221959 5 0.531697 4.468303 
CHEMBL4283683 5 0.533097 4.466903 
CHEMBL499808 5 0.541651 4.458349 
CHEMBL16498 5 0.544219 4.455782 
CHEMBL1198855 5 0.5444 4.4556 
CHEMBL1254709 5 0.547418 4.452582 
CHEMBL941 5 0.547801 4.452199 
CHEMBL298817 5 0.552189 4.447811 
CHEMBL593 5 0.561781 4.438219 
CHEMBL3545414 5 0.564525 4.435475 
CHEMBL609583 5 0.574829 4.425171 
CHEMBL70663 5 0.575423 4.424577 
CHEMBL1642 5 0.576169 4.423831 
CHEMBL298734 5 0.579669 4.420331 
CHEMBL878 5 0.581741 4.418259 
CHEMBL1938870 5 0.583403 4.416597 
CHEMBL2218878 5 0.584532 4.415468 
CHEMBL1697845 5 0.592756 4.407244 
CHEMBL1921847 5 0.59532 4.40468 
CHEMBL4297373 5 0.59567 4.40433 
CHEMBL567303 5 0.600258 4.399742 
CHEMBL1237099 5 0.603273 4.396727 
CHEMBL1908351 5 0.605317 4.394683 
CHEMBL119 5 0.614084 4.385916 
CHEMBL4297469 5 0.618778 4.381222 
CHEMBL3644587 5 0.622001 4.377999 
CHEMBL173929 5 0.627351 4.37265 
CHEMBL3545363 5 0.627843 4.372157 
CHEMBL4084907 5 0.631938 4.368062 
CHEMBL4112930 5 0.639137 4.360863 
CHEMBL3786098 5 0.64276 4.35724 
CHEMBL1237123 5 0.646311 4.353689 
CHEMBL258805 5 0.651805 4.348195 
CHEMBL3545413 5 0.652634 4.347366 
CHEMBL1257051 5 0.65284 4.34716 
CHEMBL495727 5 0.653237 4.346763 
CHEMBL1908305 5 0.654366 4.345634 
CHEMBL4297278 5 0.657811 4.342189 
CHEMBL608533 5 0.658599 4.341401 
CHEMBL1201752 5 0.66674 4.33326 
CHEMBL3545188 5 0.684462 4.315538 
CHEMBL408350 5 0.688631 4.311369 
CHEMBL2062154 5 0.693757 4.306243 
CHEMBL1201304 5 0.704278 4.295722 
CHEMBL1200779 5 0.70575 4.29425 
CHEMBL4297436 5 0.711739 4.288261 
CHEMBL3545307 5 0.71222 4.28778 
CHEMBL4297602 5 0.71579 4.28421 
CHEMBL4297481 5 0.719867 4.280133 
CHEMBL4297359 5 0.720891 4.279109 
CHEMBL1560 5 0.729093 4.270907 
CHEMBL428 5 0.729436 4.270564 
CHEMBL279260 5 0.730816 4.269184 
CHEMBL4297269 5 0.733742 4.266258 
CHEMBL2107455 5 0.734423 4.265577 
CHEMBL4297188 5 0.746544 4.253456 
CHEMBL3039588 5 0.751592 4.248408 
CHEMBL496102 5 0.753859 4.246141 
CHEMBL343448 5 0.761194 4.238806 
CHEMBL3039583 5 0.766488 4.233512 
CHEMBL3260567 5 0.772836 4.227163 
CHEMBL4298150 5 0.782025 4.217975 
CHEMBL3301600 5 0.787281 4.21272 
CHEMBL1200624 5 0.79416 4.20584 
CHEMBL2107214 5 0.803238 4.196763 
CHEMBL3301625 5 0.80987 4.190131 
CHEMBL1496 5 0.810473 4.189527 
CHEMBL4297295 5 0.812013 4.187987 
CHEMBL107874 5 0.820365 4.179635 
CHEMBL2105618 5 0.842202 4.157798 
CHEMBL2103839 5 0.865781 4.134219 
CHEMBL91397 5 0.875262 4.124738 
CHEMBL114 5 0.875999 4.124001 
CHEMBL3545403 5 0.880621 4.119379 
CHEMBL41194 5 0.920591 4.079409 
CHEMBL3092650 5 0.923794 4.076206 
CHEMBL4297329 5 0.925031 4.074969 
CHEMBL48582 5 0.950418 4.049581 
CHEMBL1161 5 0.953439 4.046561 
CHEMBL396778 5 0.964536 4.035464 
CHEMBL225071 5 1.004628 3.995372 
CHEMBL1267 5 1.008098 3.991902 
CHEMBL1255800 5 1.019328 3.980672 
CHEMBL92 5 1.025561 3.974439 
CHEMBL3989409 5 1.049264 3.950736 
CHEMBL3545252 5 1.055532 3.944468 
CHEMBL95 5 1.093344 3.906656 
CHEMBL1677 5 1.093915 3.906084 
CHEMBL3989801 5 1.11899 3.88101 
CHEMBL1908391 5 1.190945 3.809055 
CHEMBL3039522 5 1.211309 3.788691 
CHEMBL3655081 5 1.223487 3.776513 
CHEMBL2105949 5 1.276451 3.723549 
CHEMBL119604 5 1.281655 3.718345 
CHEMBL226267 5 1.295436 3.704564 
CHEMBL4297541 5 1.320807 3.679193 
CHEMBL279433 5 1.4557 3.5443 
CHEMBL14376 5 1.500122 3.499878 
CHEMBL4297396 5 1.528704 3.471296 
CHEMBL4297299 5 1.662724 3.337276 
