CHEMBL288441 5 -26.26 19.45 
CHEMBL18 5 -33.4 18.14 
CHEMBL393220 5 -18.21 17.1 
CHEMBL20 5 -26.59 16.85 
CHEMBL1163 5 -20.95 16.52 
CHEMBL584 5 -20.54 16.4 
CHEMBL22587 5 -14.04 14.78 
CHEMBL66274 5 -31.91 13.86 
CHEMBL603 5 -14.71 13.44 
CHEMBL1421 5 -16.0 13.4 
CHEMBL255863 5 -27.35 12.89 
CHEMBL1205 5 -23.22 12.45 
CHEMBL1064 5 -11.93 11.48 
CHEMBL115 5 -25.12 11.14 
CHEMBL554 5 -21.51 11.08 
CHEMBL288100 5 -36.82 10.71 
CHEMBL46740 5 -18.21 10.69 
CHEMBL1439 5 -11.6 10.48 
CHEMBL3261333 5 -25.43 9.96 
CHEMBL419 5 -33.75 9.67 
CHEMBL41355 5 -11.85 9.18 
CHEMBL262022 5 -19.92 9.02 
CHEMBL481 5 -30.86 8.2 
CHEMBL393336 5 -26.69 8.02 
CHEMBL553 5 -10.52 7.98 
CHEMBL223228 5 -24.89 7.96 
CHEMBL3288667 5 -12.05 7.92 
CHEMBL451887 5 -11.94 7.69 
CHEMBL439849 5 -8.79 7.57 
CHEMBL192892 5 -22.81 7.47 
CHEMBL1161 5 -7.08 7.4 
CHEMBL237500 5 -27.15 7.01 
CHEMBL343448 5 -5.31 6.27 
CHEMBL52609 5 -26.13 5.38 
CHEMBL729 5 -19.62 5.09 
CHEMBL583 5 -21.94 4.37 
CHEMBL1560 5 -6.27 3.74 
CHEMBL422330 5 -19.06 3.39 
CHEMBL1680 5 -15.07 2.97 
CHEMBL231779 5 -22.0 2.95 
CHEMBL119 5 -11.36 1.85 
CHEMBL3288959 5 -13.74 1.54 
CHEMBL295272 5 -23.74 1.18 
CHEMBL1360 5 -18.6 0.99 
CHEMBL413 5 -25.85 0.81 
