CHEMBL18 5 0.000279 4.999721 
CHEMBL200102 5 0.000537 4.999463 
CHEMBL334830 5 0.000546 4.999454 
CHEMBL19 5 0.000742 4.999259 
CHEMBL2336325 5 0.000881 4.999119 
CHEMBL3092562 5 0.000937 4.999064 
CHEMBL3661115 5 0.001105 4.998895 
CHEMBL3916243 5 0.00138 4.99862 
CHEMBL3301612 5 0.001397 4.998604 
CHEMBL3989948 5 0.001616 4.998384 
CHEMBL1201161 5 0.001672 4.998328 
CHEMBL1766582 5 0.001762 4.998238 
CHEMBL255863 5 0.001844 4.998156 
CHEMBL4297383 5 0.00187 4.99813 
CHEMBL4297524 5 0.001936 4.998064 
CHEMBL3581647 5 0.00207 4.99793 
CHEMBL252164 5 0.002114 4.997886 
CHEMBL288441 5 0.002151 4.997849 
CHEMBL198362 5 0.002249 4.997751 
CHEMBL419 5 0.002375 4.997625 
CHEMBL1801204 5 0.002465 4.997535 
CHEMBL1201740 5 0.002654 4.997346 
CHEMBL206815 5 0.002771 4.997229 
CHEMBL591118 5 0.002775 4.997225 
CHEMBL2381408 5 0.002851 4.997149 
CHEMBL1088750 5 0.002939 4.997061 
CHEMBL4208229 5 0.002956 4.997043 
CHEMBL3991065 5 0.003074 4.996926 
CHEMBL1200980 5 0.003148 4.996852 
CHEMBL494753 5 0.003314 4.996686 
CHEMBL3545378 5 0.00332 4.99668 
CHEMBL119385 5 0.003369 4.996631 
CHEMBL4204869 5 0.003429 4.996571 
CHEMBL2105762 5 0.003716 4.996284 
CHEMBL190333 5 0.003878 4.996122 
CHEMBL217092 5 0.003968 4.996032 
CHEMBL1201187 5 0.004009 4.99599 
CHEMBL75094 5 0.00408 4.99592 
CHEMBL1208829 5 0.004096 4.995904 
CHEMBL4297458 5 0.004118 4.995882 
CHEMBL220491 5 0.004176 4.995824 
CHEMBL4297470 5 0.00432 4.99568 
CHEMBL1236682 5 0.004399 4.995601 
CHEMBL1780010 5 0.004498 4.995502 
CHEMBL1200678 5 0.004626 4.995374 
CHEMBL1951575 5 0.004887 4.995113 
CHEMBL3544964 5 0.005051 4.994949 
CHEMBL4297649 5 0.005063 4.994937 
CHEMBL1230122 5 0.005112 4.994888 
CHEMBL3301616 5 0.00523 4.994769 
CHEMBL1163 5 0.005366 4.994634 
CHEMBL3301601 5 0.005373 4.994626 
CHEMBL1229211 5 0.005439 4.994561 
CHEMBL4300154 5 0.005529 4.994471 
CHEMBL1779710 5 0.005621 4.99438 
CHEMBL3989867 5 0.005698 4.994302 
CHEMBL2386346 5 0.005755 4.994245 
CHEMBL197194 5 0.005776 4.994224 
CHEMBL1090089 5 0.005815 4.994185 
CHEMBL579217 5 0.005971 4.994029 
CHEMBL514201 5 0.005976 4.994024 
CHEMBL603469 5 0.005991 4.994009 
CHEMBL3939284 5 0.006101 4.993899 
CHEMBL4297465 5 0.006244 4.993756 
CHEMBL1232461 5 0.006287 4.993713 
CHEMBL3301608 5 0.006523 4.993476 
CHEMBL2103838 5 0.00658 4.99342 
CHEMBL2364607 5 0.007113 4.992887 
CHEMBL584 5 0.007176 4.992824 
CHEMBL3402567 5 0.007214 4.992786 
CHEMBL1213165 5 0.00738 4.99262 
CHEMBL1088752 5 0.007415 4.992584 
CHEMBL4212531 5 0.007487 4.992513 
CHEMBL601719 5 0.007514 4.992486 
CHEMBL2146883 5 0.00755 4.99245 
CHEMBL1182714 5 0.007657 4.992343 
CHEMBL3681949 5 0.007792 4.992208 
CHEMBL2043025 5 0.007854 4.992146 
CHEMBL237500 5 0.008037 4.991963 
CHEMBL1614766 5 0.008053 4.991947 
CHEMBL3137330 5 0.008115 4.991886 
CHEMBL296468 5 0.008136 4.991864 
CHEMBL1200563 5 0.008208 4.991792 
CHEMBL3545264 5 0.008316 4.991684 
CHEMBL377300 5 0.008357 4.991643 
CHEMBL2010872 5 0.008407 4.991593 
CHEMBL4297613 5 0.008577 4.991423 
CHEMBL3287218 5 0.008693 4.991307 
CHEMBL2041933 5 0.008847 4.991153 
CHEMBL2218893 5 0.009065 4.990934 
CHEMBL2331680 5 0.009143 4.990857 
CHEMBL4297505 5 0.009336 4.990664 
CHEMBL1645462 5 0.009387 4.990613 
CHEMBL3125702 5 0.009685 4.990315 
CHEMBL3982690 5 0.009925 4.990075 
CHEMBL2105754 5 0.010086 4.989914 
CHEMBL21 5 0.010093 4.989907 
CHEMBL3904602 5 0.010094 4.989906 
CHEMBL2111083 5 0.010202 4.989798 
CHEMBL2333941 5 0.010604 4.989396 
CHEMBL2402737 5 0.010666 4.989334 
CHEMBL1189025 5 0.010924 4.989078 
CHEMBL2205230 5 0.011081 4.988918 
CHEMBL3989516 5 0.011563 4.988437 
CHEMBL1738757 5 0.011635 4.988365 
CHEMBL518520 5 0.011848 4.988152 
CHEMBL4297477 5 0.011874 4.988126 
CHEMBL1079593 5 0.011961 4.988041 
CHEMBL1258517 5 0.012198 4.987802 
CHEMBL554 5 0.012377 4.987623 
CHEMBL1205 5 0.012823 4.987177 
CHEMBL305666 5 0.012987 4.987013 
CHEMBL1688529 5 0.013296 4.986704 
CHEMBL4297600 5 0.013882 4.986118 
CHEMBL197672 5 0.013923 4.986077 
CHEMBL3301610 5 0.014023 4.985976 
CHEMBL2396989 5 0.014287 4.985713 
CHEMBL393220 5 0.014753 4.985247 
CHEMBL1201179 5 0.015391 4.984609 
CHEMBL1735 5 0.015397 4.984603 
CHEMBL1650443 5 0.01618 4.98382 
CHEMBL115 5 0.016681 4.983319 
CHEMBL3301603 5 0.017008 4.982992 
CHEMBL1688243 5 0.017035 4.982965 
CHEMBL1487 5 0.017341 4.982659 
CHEMBL1195136 5 0.018001 4.981999 
CHEMBL4297189 5 0.018216 4.981784 
CHEMBL223228 5 0.018287 4.981713 
CHEMBL1096896 5 0.018735 4.981265 
CHEMBL3911164 5 0.018751 4.981249 
CHEMBL494089 5 0.018951 4.981049 
CHEMBL2386889 5 0.019071 4.980929 
CHEMBL1091644 5 0.019106 4.980894 
CHEMBL2218919 5 0.019282 4.980717 
CHEMBL4297526 5 0.019314 4.980686 
CHEMBL1200866 5 0.019453 4.980547 
CHEMBL2347655 5 0.020269 4.979731 
CHEMBL1095032 5 0.020495 4.979504 
CHEMBL3707248 5 0.020795 4.979205 
CHEMBL2403108 5 0.020997 4.979003 
CHEMBL2403238 5 0.02101 4.97899 
CHEMBL2107831 5 0.021073 4.978926 
CHEMBL3545215 5 0.021164 4.978836 
CHEMBL607707 5 0.021499 4.978502 
CHEMBL4297324 5 0.021498 4.978502 
CHEMBL1614650 5 0.021903 4.978097 
CHEMBL1200707 5 0.022539 4.977461 
CHEMBL3989514 5 0.022798 4.977202 
CHEMBL1208422 5 0.022944 4.977056 
CHEMBL598797 5 0.023016 4.976984 
CHEMBL575448 5 0.023089 4.97691 
CHEMBL220050 5 0.023102 4.976898 
CHEMBL3987016 5 0.023405 4.976595 
CHEMBL2105637 5 0.023573 4.976427 
CHEMBL109480 5 0.023782 4.976218 
CHEMBL3707235 5 0.024062 4.975937 
CHEMBL481 5 0.024106 4.975894 
CHEMBL1651956 5 0.024212 4.975788 
CHEMBL160 5 0.02454 4.97546 
CHEMBL4297454 5 0.024577 4.975423 
CHEMBL1660 5 0.025166 4.974835 
CHEMBL521686 5 0.025314 4.974686 
CHEMBL3414621 5 0.025499 4.974501 
CHEMBL3989968 5 0.025608 4.974392 
CHEMBL440498 5 0.025947 4.974053 
CHEMBL3039520 5 0.025988 4.974011 
CHEMBL3989868 5 0.026087 4.973913 
CHEMBL1554 5 0.026304 4.973696 
CHEMBL3301622 5 0.026537 4.973463 
CHEMBL3137313 5 0.027089 4.972911 
CHEMBL2364639 5 0.027279 4.972721 
CHEMBL1201250 5 0.027611 4.972389 
CHEMBL3989461 5 0.028179 4.971821 
CHEMBL1801250 5 0.028321 4.971679 
CHEMBL82202 5 0.028415 4.971585 
CHEMBL1200692 5 0.028782 4.971219 
CHEMBL3695568 5 0.028973 4.971027 
CHEMBL200177 5 0.029193 4.970807 
CHEMBL1088751 5 0.029545 4.970455 
CHEMBL2359093 5 0.03034 4.96966 
CHEMBL570015 5 0.030934 4.969066 
CHEMBL1922235 5 0.031107 4.968893 
CHEMBL1082723 5 0.031579 4.968421 
CHEMBL4093031 5 0.031673 4.968327 
CHEMBL2105638 5 0.032118 4.967882 
CHEMBL3707269 5 0.032575 4.967425 
CHEMBL1086218 5 0.032644 4.967356 
CHEMBL4065122 5 0.032675 4.967325 
CHEMBL3894860 5 0.032994 4.967006 
CHEMBL3989759 5 0.033084 4.966916 
CHEMBL363648 5 0.033468 4.966532 
CHEMBL2103840 5 0.033809 4.966191 
CHEMBL4297377 5 0.034099 4.965901 
CHEMBL2107777 5 0.034472 4.965528 
CHEMBL3181870 5 0.03481 4.96519 
CHEMBL3113734 5 0.035083 4.964917 
CHEMBL4297597 5 0.035298 4.964702 
CHEMBL513909 5 0.036184 4.963816 
CHEMBL592445 5 0.037005 4.962996 
CHEMBL3359265 5 0.037108 4.962892 
CHEMBL1829174 5 0.037458 4.962542 
CHEMBL3622821 5 0.037477 4.962523 
CHEMBL3183409 5 0.037566 4.962434 
CHEMBL3137308 5 0.037992 4.962008 
CHEMBL14249 5 0.038417 4.961583 
CHEMBL522892 5 0.038689 4.961311 
CHEMBL2013174 5 0.039195 4.960805 
CHEMBL4297478 5 0.039261 4.960739 
CHEMBL1193948 5 0.040554 4.959446 
CHEMBL3301599 5 0.040646 4.959354 
CHEMBL4297527 5 0.040727 4.959273 
CHEMBL2103858 5 0.040797 4.959203 
CHEMBL1233940 5 0.040976 4.959024 
CHEMBL1873475 5 0.041185 4.958815 
CHEMBL545437 5 0.041399 4.958601 
CHEMBL2104954 5 0.041705 4.958295 
CHEMBL2012520 5 0.041819 4.958181 
CHEMBL3989866 5 0.041985 4.958015 
CHEMBL4297063 5 0.042084 4.957916 
CHEMBL1269597 5 0.042152 4.957848 
CHEMBL482967 5 0.042231 4.957769 
CHEMBL1739 5 0.043976 4.956024 
CHEMBL3287379 5 0.044714 4.955286 
CHEMBL3674570 5 0.044927 4.955073 
CHEMBL64391 5 0.044989 4.955011 
CHEMBL203567 5 0.045151 4.954849 
CHEMBL24828 5 0.045256 4.954744 
CHEMBL1214827 5 0.045642 4.954358 
CHEMBL574738 5 0.04575 4.95425 
CHEMBL500853 5 0.048243 4.951757 
CHEMBL2387080 5 0.048254 4.951745 
CHEMBL1688530 5 0.048311 4.951689 
CHEMBL3545420 5 0.048523 4.951477 
CHEMBL3286830 5 0.048699 4.951301 
CHEMBL507361 5 0.050098 4.949903 
CHEMBL1259 5 0.050297 4.949704 
CHEMBL4297455 5 0.050323 4.949677 
CHEMBL2058833 5 0.051225 4.948775 
CHEMBL4292264 5 0.051597 4.948403 
CHEMBL4297374 5 0.052876 4.947124 
CHEMBL3261331 5 0.052903 4.947097 
CHEMBL512351 5 0.053088 4.946912 
CHEMBL4297628 5 0.053268 4.946732 
CHEMBL2110666 5 0.054478 4.945522 
CHEMBL3920982 5 0.055146 4.944854 
CHEMBL2170582 5 0.055785 4.944214 
CHEMBL4297528 5 0.056506 4.943494 
CHEMBL1952329 5 0.057026 4.942974 
CHEMBL3545312 5 0.057764 4.942236 
CHEMBL1230065 5 0.058666 4.941334 
CHEMBL850 5 0.058667 4.941333 
CHEMBL178654 5 0.059178 4.940822 
CHEMBL2104962 5 0.059477 4.940523 
CHEMBL2103842 5 0.059723 4.940277 
CHEMBL4297467 5 0.059945 4.940055 
CHEMBL3989921 5 0.060938 4.939062 
CHEMBL1587 5 0.06096 4.939039 
CHEMBL4301163 5 0.061029 4.938971 
CHEMBL1090479 5 0.062061 4.93794 
CHEMBL4297423 5 0.062114 4.937886 
CHEMBL4297676 5 0.062418 4.937582 
CHEMBL219410 5 0.063787 4.936213 
CHEMBL3545340 5 0.064396 4.935604 
CHEMBL1938400 5 0.064876 4.935124 
CHEMBL1835919 5 0.065051 4.934949 
CHEMBL2107751 5 0.065781 4.934219 
CHEMBL4217292 5 0.067413 4.932587 
CHEMBL2105708 5 0.067512 4.932488 
CHEMBL2323775 5 0.067601 4.932399 
CHEMBL180022 5 0.067767 4.932233 
CHEMBL4297482 5 0.068038 4.931961 
CHEMBL457748 5 0.069027 4.930973 
CHEMBL3989766 5 0.069321 4.930679 
CHEMBL4297475 5 0.06986 4.93014 
CHEMBL297812 5 0.071162 4.928838 
CHEMBL1967878 5 0.071604 4.928396 
CHEMBL1421 5 0.071651 4.928349 
CHEMBL490029 5 0.074805 4.925196 
CHEMBL3039513 5 0.074982 4.925018 
CHEMBL3137317 5 0.075516 4.924484 
CHEMBL3963485 5 0.07763 4.92237 
CHEMBL278315 5 0.077962 4.922038 
CHEMBL94 5 0.078017 4.921983 
CHEMBL1983268 5 0.078172 4.921828 
CHEMBL450449 5 0.078293 4.921707 
CHEMBL374478 5 0.078501 4.921499 
CHEMBL3121849 5 0.078668 4.921332 
CHEMBL4297315 5 0.079528 4.920472 
CHEMBL3580737 5 0.080064 4.919936 
CHEMBL4297542 5 0.083568 4.916432 
CHEMBL2364611 5 0.084173 4.915827 
CHEMBL2095224 5 0.085325 4.914675 
CHEMBL2105737 5 0.085405 4.914595 
CHEMBL1422 5 0.088624 4.911376 
CHEMBL4297601 5 0.089314 4.910686 
CHEMBL2303613 5 0.089463 4.910536 
CHEMBL1201281 5 0.089586 4.910414 
CHEMBL1082407 5 0.090024 4.909976 
CHEMBL3989931 5 0.090217 4.909783 
CHEMBL457547 5 0.090518 4.909482 
CHEMBL1237070 5 0.090538 4.909462 
CHEMBL2079588 5 0.090868 4.909132 
CHEMBL107 5 0.091093 4.908907 
CHEMBL1171837 5 0.091918 4.908082 
CHEMBL3989969 5 0.091991 4.90801 
CHEMBL3639788 5 0.095564 4.904436 
CHEMBL2105891 5 0.09695 4.90305 
CHEMBL595573 5 0.098797 4.901203 
CHEMBL338975 5 0.098966 4.901034 
CHEMBL1615025 5 0.099681 4.900319 
CHEMBL4297261 5 0.100258 4.899741 
CHEMBL35228 5 0.101133 4.898866 
CHEMBL20 5 0.101321 4.898679 
CHEMBL1201174 5 0.101422 4.898578 
CHEMBL1289926 5 0.101554 4.898447 
CHEMBL206834 5 0.101617 4.898383 
CHEMBL2364638 5 0.101754 4.898246 
CHEMBL2105630 5 0.10194 4.89806 
CHEMBL587723 5 0.102347 4.897653 
CHEMBL219586 5 0.102608 4.897392 
CHEMBL3545062 5 0.103238 4.896762 
CHEMBL2105728 5 0.10748 4.89252 
CHEMBL603 5 0.109173 4.890827 
CHEMBL3989908 5 0.109666 4.890334 
CHEMBL2105698 5 0.10987 4.89013 
CHEMBL428690 5 0.113432 4.886568 
CHEMBL2031465 5 0.114564 4.885435 
CHEMBL44426 5 0.11536 4.88464 
CHEMBL3828074 5 0.115433 4.884568 
CHEMBL1276678 5 0.117846 4.882154 
CHEMBL2107832 5 0.118646 4.881354 
CHEMBL3793226 5 0.120182 4.879818 
CHEMBL4297302 5 0.121754 4.878246 
CHEMBL265502 5 0.121761 4.878239 
CHEMBL304087 5 0.125891 4.874109 
CHEMBL152067 5 0.126081 4.873919 
CHEMBL3182621 5 0.126469 4.873531 
CHEMBL3184679 5 0.126517 4.873483 
CHEMBL1939499 5 0.130252 4.869748 
CHEMBL383824 5 0.132489 4.867511 
CHEMBL3623004 5 0.136552 4.863448 
CHEMBL41355 5 0.138666 4.861333 
CHEMBL1236924 5 0.140286 4.859714 
CHEMBL31965 5 0.141594 4.858406 
CHEMBL3265032 5 0.141983 4.858017 
CHEMBL4071161 5 0.144718 4.855282 
CHEMBL790 5 0.146602 4.853398 
CHEMBL322241 5 0.14777 4.85223 
CHEMBL2146086 5 0.147867 4.852133 
CHEMBL4297183 5 0.151085 4.848914 
CHEMBL503 5 0.152041 4.847959 
CHEMBL3544932 5 0.153246 4.846754 
CHEMBL514270 5 0.15368 4.84632 
CHEMBL3975308 5 0.153729 4.846271 
CHEMBL501849 5 0.154306 4.845694 
CHEMBL3545076 5 0.154501 4.845498 
CHEMBL4297367 5 0.159258 4.840742 
CHEMBL4297629 5 0.159854 4.840146 
CHEMBL377559 5 0.161422 4.838578 
CHEMBL545315 5 0.163563 4.836437 
CHEMBL3545042 5 0.165069 4.834931 
CHEMBL1184904 5 0.165652 4.834348 
CHEMBL4297088 5 0.165777 4.834223 
CHEMBL4204794 5 0.166465 4.833535 
CHEMBL1064 5 0.16898 4.83102 
CHEMBL3545166 5 0.170381 4.829619 
CHEMBL1213492 5 0.171338 4.828662 
CHEMBL482968 5 0.171455 4.828545 
CHEMBL2181753 5 0.175175 4.824825 
CHEMBL1477 5 0.17531 4.82469 
CHEMBL1200628 5 0.177009 4.822991 
CHEMBL3707312 5 0.177576 4.822424 
CHEMBL3338194 5 0.178486 4.821513 
CHEMBL225411 5 0.180474 4.819526 
CHEMBL4297323 5 0.181731 4.81827 
CHEMBL1144 5 0.18176 4.81824 
CHEMBL1200729 5 0.184075 4.815925 
CHEMBL564829 5 0.186256 4.813744 
CHEMBL1484251 5 0.189824 4.810176 
CHEMBL2107823 5 0.191239 4.808761 
CHEMBL572878 5 0.191285 4.808715 
CHEMBL1481 5 0.191299 4.808701 
CHEMBL38827 5 0.191604 4.808396 
CHEMBL262777 5 0.193742 4.806258 
CHEMBL506981 5 0.194296 4.805704 
CHEMBL1079742 5 0.196549 4.803451 
CHEMBL46618 5 0.196674 4.803326 
CHEMBL105442 5 0.196882 4.803118 
CHEMBL553 5 0.198331 4.801669 
CHEMBL269732 5 0.198449 4.801551 
CHEMBL3137315 5 0.198642 4.801358 
CHEMBL3989887 5 0.199299 4.800701 
CHEMBL4205422 5 0.200319 4.799681 
CHEMBL2218894 5 0.200494 4.799506 
CHEMBL1276308 5 0.200777 4.799223 
CHEMBL3137320 5 0.201949 4.798051 
CHEMBL2447908 5 0.202388 4.797612 
CHEMBL255044 5 0.202391 4.797609 
CHEMBL2403318 5 0.204061 4.795939 
CHEMBL254316 5 0.204541 4.795459 
CHEMBL2354444 5 0.204733 4.795267 
CHEMBL3545369 5 0.205336 4.794664 
CHEMBL1200507 5 0.205564 4.794436 
CHEMBL3622820 5 0.206522 4.793478 
CHEMBL2105704 5 0.208774 4.791226 
CHEMBL3319236 5 0.208863 4.791136 
CHEMBL2177913 5 0.210942 4.789058 
CHEMBL435 5 0.21163 4.78837 
CHEMBL1289601 5 0.212157 4.787843 
CHEMBL4297668 5 0.213904 4.786096 
CHEMBL1095777 5 0.21461 4.785389 
CHEMBL2107340 5 0.216188 4.783813 
CHEMBL3989869 5 0.216383 4.783617 
CHEMBL4085457 5 0.216627 4.783373 
CHEMBL2105759 5 0.217229 4.782771 
CHEMBL1672635 5 0.21741 4.78259 
CHEMBL3137318 5 0.217558 4.782442 
CHEMBL2105712 5 0.221867 4.778133 
CHEMBL1236962 5 0.222011 4.777989 
CHEMBL4297657 5 0.222302 4.777698 
CHEMBL3545308 5 0.223439 4.776561 
CHEMBL1741078 5 0.224124 4.775877 
CHEMBL4291143 5 0.229267 4.770733 
CHEMBL3948730 5 0.230644 4.769354 
CHEMBL103667 5 0.23271 4.76729 
CHEMBL4297067 5 0.234714 4.765286 
CHEMBL3545274 5 0.237816 4.762184 
CHEMBL1980297 5 0.239073 4.760927 
CHEMBL1171829 5 0.240062 4.759939 
CHEMBL729 5 0.24112 4.75888 
CHEMBL1230609 5 0.247182 4.752818 
CHEMBL2142592 5 0.247317 4.752683 
CHEMBL4297664 5 0.249831 4.75017 
CHEMBL1543 5 0.251724 4.748276 
CHEMBL592435 5 0.253362 4.746638 
CHEMBL267431 5 0.25349 4.74651 
CHEMBL269259 5 0.253954 4.746046 
CHEMBL2105131 5 0.255903 4.744097 
CHEMBL46740 5 0.256689 4.743311 
CHEMBL2107787 5 0.257302 4.742698 
CHEMBL2035187 5 0.260616 4.739384 
CHEMBL3545396 5 0.261202 4.738798 
CHEMBL508360 5 0.267255 4.732745 
CHEMBL4297633 5 0.26855 4.73145 
CHEMBL1652442 5 0.273247 4.726753 
CHEMBL2263632 5 0.274232 4.725768 
CHEMBL2104404 5 0.275885 4.724116 
CHEMBL2325741 5 0.277116 4.722884 
CHEMBL3545085 5 0.277406 4.722594 
CHEMBL2105680 5 0.277512 4.722488 
CHEMBL1789842 5 0.278694 4.721305 
CHEMBL2107212 5 0.278802 4.721198 
CHEMBL2105857 5 0.279775 4.720226 
CHEMBL1173655 5 0.280345 4.719655 
CHEMBL488436 5 0.282055 4.717945 
CHEMBL2105686 5 0.28247 4.71753 
CHEMBL403664 5 0.284975 4.715025 
CHEMBL2105741 5 0.285543 4.714458 
CHEMBL539666 5 0.291778 4.708222 
CHEMBL2110727 5 0.292968 4.707032 
CHEMBL413 5 0.29378 4.70622 
CHEMBL4297647 5 0.294924 4.705076 
CHEMBL2220486 5 0.295988 4.704012 
CHEMBL3085504 5 0.297789 4.702211 
CHEMBL2106615 5 0.299312 4.700688 
CHEMBL2103875 5 0.299885 4.700115 
CHEMBL4297507 5 0.300715 4.699285 
CHEMBL3989909 5 0.303109 4.696891 
CHEMBL1944698 5 0.307479 4.692521 
CHEMBL444633 5 0.309305 4.690695 
CHEMBL3643413 5 0.309477 4.690523 
CHEMBL3545341 5 0.311865 4.688135 
CHEMBL2107772 5 0.311953 4.688046 
CHEMBL4297636 5 0.312593 4.687407 
CHEMBL3402762 5 0.314786 4.685214 
CHEMBL1200555 5 0.315014 4.684986 
CHEMBL398891 5 0.320136 4.679864 
CHEMBL2107495 5 0.320578 4.679422 
CHEMBL4297181 5 0.322046 4.677954 
CHEMBL1673159 5 0.327456 4.672544 
CHEMBL447955 5 0.328293 4.671707 
CHEMBL437765 5 0.329478 4.670522 
CHEMBL277100 5 0.330878 4.669121 
CHEMBL583 5 0.330988 4.669012 
CHEMBL3707350 5 0.332015 4.667985 
CHEMBL3989926 5 0.334018 4.665981 
CHEMBL1200393 5 0.335572 4.664428 
CHEMBL1207745 5 0.335923 4.664077 
CHEMBL2017974 5 0.337545 4.662455 
CHEMBL231779 5 0.337896 4.662104 
CHEMBL3348923 5 0.338294 4.661706 
CHEMBL1200607 5 0.339365 4.660635 
CHEMBL257662 5 0.340345 4.659655 
CHEMBL303933 5 0.352224 4.647776 
CHEMBL3544911 5 0.353143 4.646857 
CHEMBL3663929 5 0.357811 4.642189 
CHEMBL107367 5 0.358036 4.641964 
CHEMBL521851 5 0.358361 4.641639 
CHEMBL435883 5 0.35971 4.64029 
CHEMBL3301606 5 0.364448 4.635552 
CHEMBL4297615 5 0.366482 4.633518 
CHEMBL402548 5 0.369172 4.630828 
CHEMBL4297498 5 0.369691 4.630309 
CHEMBL3137314 5 0.371564 4.628436 
CHEMBL1200480 5 0.374676 4.625324 
CHEMBL1616008 5 0.37497 4.62503 
CHEMBL3301607 5 0.381045 4.618954 
CHEMBL4297589 5 0.381342 4.618658 
CHEMBL126648 5 0.385651 4.614349 
CHEMBL1614702 5 0.385875 4.614125 
CHEMBL1615807 5 0.388767 4.611234 
CHEMBL4297530 5 0.391196 4.608804 
CHEMBL3039498 5 0.395247 4.604753 
CHEMBL1200951 5 0.399115 4.600885 
CHEMBL346631 5 0.399597 4.600403 
CHEMBL1680 5 0.400488 4.599512 
CHEMBL1922094 5 0.404173 4.595827 
CHEMBL3334567 5 0.40587 4.59413 
CHEMBL4297645 5 0.406552 4.593448 
CHEMBL551813 5 0.409996 4.590004 
CHEMBL1200681 5 0.410545 4.589455 
CHEMBL2087361 5 0.410775 4.589225 
CHEMBL2107384 5 0.411728 4.588272 
CHEMBL1200686 5 0.415334 4.584666 
CHEMBL3360203 5 0.416096 4.583904 
CHEMBL3787344 5 0.416964 4.583036 
CHEMBL3707348 5 0.423209 4.576791 
CHEMBL4297187 5 0.423964 4.576036 
CHEMBL1230165 5 0.425827 4.574173 
CHEMBL4297480 5 0.427129 4.572871 
CHEMBL82301 5 0.42804 4.57196 
CHEMBL4297416 5 0.428592 4.571408 
CHEMBL289228 5 0.429448 4.570552 
CHEMBL787 5 0.430024 4.569976 
CHEMBL3707372 5 0.430627 4.569373 
CHEMBL1084546 5 0.432262 4.567737 
CHEMBL3545163 5 0.433989 4.566011 
CHEMBL1950651 5 0.434666 4.565334 
CHEMBL562668 5 0.436543 4.563457 
CHEMBL1614701 5 0.436786 4.563214 
CHEMBL1275839 5 0.440674 4.559326 
CHEMBL3407547 5 0.441174 4.558826 
CHEMBL2105684 5 0.44466 4.555339 
CHEMBL236593 5 0.44477 4.55523 
CHEMBL203665 5 0.448146 4.551854 
CHEMBL3187683 5 0.448662 4.551338 
CHEMBL2103828 5 0.450639 4.549361 
CHEMBL1911274 5 0.451758 4.548242 
CHEMBL1667969 5 0.45471 4.54529 
CHEMBL4297487 5 0.456197 4.543803 
CHEMBL436774 5 0.460166 4.539835 
CHEMBL3545337 5 0.461908 4.538092 
CHEMBL2364614 5 0.463574 4.536426 
CHEMBL3989914 5 0.466583 4.533417 
CHEMBL1200527 5 0.470826 4.529174 
CHEMBL515387 5 0.472232 4.527768 
CHEMBL2103791 5 0.472723 4.527277 
CHEMBL1733174 5 0.473947 4.526053 
CHEMBL2105834 5 0.481032 4.51897 
CHEMBL3219124 5 0.481843 4.518157 
CHEMBL1231160 5 0.484049 4.515951 
CHEMBL2392545 5 0.489774 4.510226 
CHEMBL1908360 5 0.493451 4.506549 
CHEMBL1201248 5 0.494287 4.505713 
CHEMBL1360 5 0.498746 4.501254 
CHEMBL690 5 0.501319 4.498681 
CHEMBL2105656 5 0.501622 4.498378 
CHEMBL2364608 5 0.503781 4.496219 
CHEMBL338604 5 0.506121 4.493879 
CHEMBL3967849 5 0.507088 4.492913 
CHEMBL929 5 0.507974 4.492026 
CHEMBL1200641 5 0.513734 4.486266 
CHEMBL4283683 5 0.519304 4.480697 
CHEMBL60889 5 0.520127 4.479873 
CHEMBL551064 5 0.520804 4.479196 
CHEMBL3304244 5 0.526898 4.473102 
CHEMBL2219422 5 0.528454 4.471546 
CHEMBL4297497 5 0.531973 4.468027 
CHEMBL221959 5 0.533522 4.466478 
CHEMBL1254709 5 0.53484 4.46516 
CHEMBL1642 5 0.537752 4.462248 
CHEMBL4297289 5 0.537866 4.462135 
CHEMBL1938870 5 0.548556 4.451444 
CHEMBL1200647 5 0.54974 4.45026 
CHEMBL1237123 5 0.55092 4.44908 
CHEMBL298734 5 0.552047 4.447953 
CHEMBL3644587 5 0.555351 4.444649 
CHEMBL593 5 0.556679 4.443321 
CHEMBL499808 5 0.558568 4.441432 
CHEMBL451887 5 0.563724 4.436276 
CHEMBL3545414 5 0.569237 4.430763 
CHEMBL16498 5 0.571593 4.428407 
CHEMBL298817 5 0.572607 4.427393 
CHEMBL3186534 5 0.572746 4.427254 
CHEMBL70663 5 0.574138 4.425862 
CHEMBL1512580 5 0.574314 4.425686 
CHEMBL4297373 5 0.57618 4.42382 
CHEMBL2103743 5 0.578785 4.421215 
CHEMBL1198855 5 0.579986 4.420015 
CHEMBL4297142 5 0.580359 4.419641 
CHEMBL1201752 5 0.581774 4.418226 
CHEMBL119 5 0.585292 4.414708 
CHEMBL4084907 5 0.587786 4.412214 
CHEMBL1921847 5 0.588317 4.411683 
CHEMBL1257051 5 0.594281 4.405719 
CHEMBL609583 5 0.594325 4.405675 
CHEMBL495727 5 0.598223 4.401778 
CHEMBL1162 5 0.60672 4.393279 
CHEMBL3545363 5 0.617913 4.382088 
CHEMBL567303 5 0.618548 4.381452 
CHEMBL878 5 0.618651 4.381349 
CHEMBL941 5 0.620584 4.379416 
CHEMBL1237099 5 0.623767 4.376233 
CHEMBL2218878 5 0.626259 4.373741 
CHEMBL511115 5 0.642886 4.357114 
CHEMBL173929 5 0.647102 4.352898 
CHEMBL1908351 5 0.651929 4.348071 
CHEMBL4297602 5 0.663215 4.336785 
CHEMBL3786098 5 0.666865 4.333135 
CHEMBL3545413 5 0.668209 4.331791 
CHEMBL3545307 5 0.672944 4.327056 
CHEMBL4112930 5 0.693987 4.306013 
CHEMBL2062154 5 0.696213 4.303787 
CHEMBL1697845 5 0.701443 4.298557 
CHEMBL1908305 5 0.70325 4.29675 
CHEMBL4297436 5 0.710913 4.289087 
CHEMBL258805 5 0.716164 4.283836 
CHEMBL4297481 5 0.71642 4.28358 
CHEMBL3039588 5 0.724702 4.275298 
CHEMBL2107455 5 0.725462 4.274538 
CHEMBL1200779 5 0.725984 4.274016 
CHEMBL3039583 5 0.733121 4.26688 
CHEMBL3545188 5 0.741017 4.258983 
CHEMBL4297359 5 0.751191 4.248809 
CHEMBL1560 5 0.751369 4.248631 
CHEMBL4297484 5 0.751498 4.248502 
CHEMBL1200624 5 0.75333 4.24667 
CHEMBL496102 5 0.75393 4.24607 
CHEMBL279260 5 0.756806 4.243194 
CHEMBL3301600 5 0.762294 4.237706 
CHEMBL408350 5 0.764294 4.235706 
CHEMBL428 5 0.781886 4.218114 
CHEMBL4298150 5 0.78805 4.21195 
CHEMBL4297278 5 0.78909 4.21091 
CHEMBL4297188 5 0.791048 4.208953 
CHEMBL608533 5 0.796667 4.203333 
CHEMBL2103839 5 0.808278 4.191722 
CHEMBL3301625 5 0.824566 4.175434 
CHEMBL107874 5 0.834887 4.165113 
CHEMBL343448 5 0.840447 4.159553 
CHEMBL2107214 5 0.845141 4.154859 
CHEMBL1496 5 0.863955 4.136045 
CHEMBL3545403 5 0.875391 4.124609 
CHEMBL48582 5 0.877983 4.122017 
CHEMBL1161 5 0.889542 4.110459 
CHEMBL4297329 5 0.899029 4.100972 
CHEMBL3301680 5 0.901931 4.098069 
CHEMBL3092650 5 0.906984 4.093016 
CHEMBL41194 5 0.908231 4.091769 
CHEMBL91397 5 0.913393 4.086607 
CHEMBL3260567 5 0.923208 4.076791 
CHEMBL3545126 5 0.9358 4.0642 
CHEMBL225071 5 0.937111 4.062889 
CHEMBL92 5 0.94424 4.055761 
CHEMBL267495 5 0.959583 4.040417 
CHEMBL396778 5 0.981333 4.018667 
CHEMBL3989409 5 0.99724 4.00276 
CHEMBL3545252 5 1.017759 3.982241 
CHEMBL1255800 5 1.018598 3.981402 
CHEMBL3939295 5 1.037127 3.962873 
CHEMBL1677 5 1.085112 3.914888 
CHEMBL1267 5 1.087952 3.912048 
CHEMBL1908391 5 1.098841 3.901159 
CHEMBL3039522 5 1.101512 3.898488 
CHEMBL3989801 5 1.130364 3.869636 
CHEMBL258918 5 1.131805 3.868195 
CHEMBL2105949 5 1.147126 3.852874 
CHEMBL226267 5 1.293011 3.706989 
CHEMBL4297396 5 1.474302 3.525698 
