CHEMBL20 5 -23.99 19.1 
CHEMBL1163 5 -22.78 17.34 
CHEMBL18 5 -29.1 17.3 
CHEMBL255863 5 -24.16 16.57 
CHEMBL393220 5 -21.7 16.19 
CHEMBL419 5 -27.08 15.9 
CHEMBL22587 5 -16.06 15.01 
CHEMBL393336 5 -18.48 14.78 
CHEMBL584 5 -22.34 14.12 
CHEMBL1064 5 -11.14 13.87 
CHEMBL603 5 -15.4 13.4 
CHEMBL223228 5 -20.02 13.29 
CHEMBL554 5 -21.6 12.89 
CHEMBL66274 5 -39.75 12.42 
CHEMBL1421 5 -20.9 12.24 
CHEMBL288100 5 -38.24 11.85 
CHEMBL288441 5 -30.6 11.68 
CHEMBL237500 5 -28.84 11.58 
CHEMBL41355 5 -12.04 10.45 
CHEMBL3261333 5 -27.91 10.27 
CHEMBL115 5 -23.21 10.21 
CHEMBL262022 5 -21.3 9.9 
CHEMBL1162 5 -11.13 9.85 
CHEMBL1205 5 -25.08 9.57 
CHEMBL46740 5 -19.32 8.96 
CHEMBL553 5 -11.04 7.73 
CHEMBL451887 5 -12.93 7.63 
CHEMBL192892 5 -23.31 7.49 
CHEMBL343448 5 -4.52 7.32 
CHEMBL481 5 -32.26 7.27 
CHEMBL439849 5 -8.04 7.27 
CHEMBL1439 5 -16.52 6.57 
CHEMBL3288667 5 -13.17 5.74 
CHEMBL1560 5 -5.49 5.19 
CHEMBL729 5 -21.4 5.12 
CHEMBL1161 5 -7.24 4.91 
CHEMBL231779 5 -20.44 4.41 
CHEMBL52609 5 -27.78 2.8 
CHEMBL583 5 -24.68 2.68 
CHEMBL119 5 -11.07 2.48 
CHEMBL422330 5 -19.99 2.45 
CHEMBL413 5 -26.55 1.8 
CHEMBL1680 5 -17.02 1.64 
CHEMBL1360 5 -19.66 0.49 
CHEMBL295272 5 -22.61 -0.16 
CHEMBL3288959 5 -15.01 -0.53 
