CHEMBL18 5 0.000188 4.999812 
CHEMBL19 5 0.000214 4.999786 
CHEMBL200102 5 0.000538 4.999463 
CHEMBL334830 5 0.000862 4.999138 
CHEMBL3661115 5 0.001055 4.998945 
CHEMBL4297458 5 0.001213 4.998787 
CHEMBL3916243 5 0.001286 4.998714 
CHEMBL579217 5 0.001454 4.998546 
CHEMBL3301612 5 0.001621 4.998379 
CHEMBL1230122 5 0.001723 4.998276 
CHEMBL1236682 5 0.001757 4.998243 
CHEMBL4297524 5 0.001825 4.998175 
CHEMBL2105762 5 0.002003 4.997997 
CHEMBL1201187 5 0.002069 4.997931 
CHEMBL3581647 5 0.002083 4.997917 
CHEMBL119385 5 0.002283 4.997717 
CHEMBL601719 5 0.002283 4.997717 
CHEMBL1766582 5 0.002332 4.997668 
CHEMBL1208829 5 0.002365 4.997635 
CHEMBL198362 5 0.002487 4.997513 
CHEMBL2336325 5 0.002635 4.997365 
CHEMBL4297383 5 0.002678 4.997322 
CHEMBL1801204 5 0.002735 4.997265 
CHEMBL4204869 5 0.002761 4.997239 
CHEMBL75094 5 0.00299 4.99701 
CHEMBL3989948 5 0.003055 4.996945 
CHEMBL255863 5 0.003072 4.996928 
CHEMBL206815 5 0.003145 4.996855 
CHEMBL1088750 5 0.003148 4.996852 
CHEMBL494753 5 0.00328 4.996721 
CHEMBL419 5 0.003305 4.996695 
CHEMBL3092562 5 0.003562 4.996439 
CHEMBL2381408 5 0.00387 4.99613 
CHEMBL1200563 5 0.003902 4.996098 
CHEMBL1201161 5 0.004001 4.995999 
CHEMBL3991065 5 0.004078 4.995922 
CHEMBL1088752 5 0.004118 4.995882 
CHEMBL2386346 5 0.004207 4.995793 
CHEMBL4297470 5 0.004219 4.995781 
CHEMBL4208229 5 0.004303 4.995697 
CHEMBL252164 5 0.004305 4.995695 
CHEMBL3545378 5 0.004366 4.995634 
CHEMBL591118 5 0.004803 4.995197 
CHEMBL237500 5 0.004811 4.995189 
CHEMBL4297613 5 0.005065 4.994935 
CHEMBL2402737 5 0.005083 4.994917 
CHEMBL4297649 5 0.005176 4.994824 
CHEMBL584 5 0.005216 4.994783 
CHEMBL1779710 5 0.005525 4.994475 
CHEMBL1200980 5 0.005561 4.994439 
CHEMBL1201740 5 0.005568 4.994432 
CHEMBL2111083 5 0.00568 4.99432 
CHEMBL288441 5 0.005868 4.994132 
CHEMBL3301616 5 0.006013 4.993986 
CHEMBL1780010 5 0.006173 4.993827 
CHEMBL3301601 5 0.006284 4.993716 
CHEMBL4297465 5 0.006339 4.993661 
CHEMBL1951575 5 0.006456 4.993544 
CHEMBL514201 5 0.006611 4.993389 
CHEMBL197194 5 0.006663 4.993336 
CHEMBL518520 5 0.006682 4.993318 
CHEMBL3939284 5 0.006828 4.993172 
CHEMBL3989867 5 0.006975 4.993025 
CHEMBL1090089 5 0.007034 4.992966 
CHEMBL3402567 5 0.007249 4.992751 
CHEMBL3904602 5 0.007291 4.992709 
CHEMBL1258517 5 0.007312 4.992688 
CHEMBL3301608 5 0.007481 4.992519 
CHEMBL2364607 5 0.007515 4.992485 
CHEMBL4212531 5 0.007684 4.992316 
CHEMBL603469 5 0.00781 4.99219 
CHEMBL2403238 5 0.008166 4.991834 
CHEMBL115 5 0.008253 4.991747 
CHEMBL3545264 5 0.008561 4.991439 
CHEMBL4300154 5 0.008655 4.991345 
CHEMBL1182714 5 0.008825 4.991175 
CHEMBL1229211 5 0.008832 4.991168 
CHEMBL1205 5 0.009184 4.990816 
CHEMBL3544964 5 0.009187 4.990813 
CHEMBL2043025 5 0.009188 4.990812 
CHEMBL3989516 5 0.0094 4.9906 
CHEMBL2146883 5 0.009426 4.990574 
CHEMBL2333941 5 0.009434 4.990566 
CHEMBL1614766 5 0.009492 4.990508 
CHEMBL296468 5 0.009629 4.990371 
CHEMBL3987016 5 0.009672 4.990328 
CHEMBL21 5 0.009853 4.990147 
CHEMBL3301610 5 0.009922 4.990078 
CHEMBL190333 5 0.00993 4.99007 
CHEMBL1189025 5 0.010169 4.989831 
CHEMBL3681949 5 0.010173 4.989826 
CHEMBL1079593 5 0.010287 4.989713 
CHEMBL4297477 5 0.01058 4.98942 
CHEMBL223228 5 0.010959 4.989041 
CHEMBL2218893 5 0.011025 4.988975 
CHEMBL1232461 5 0.011124 4.988876 
CHEMBL2010872 5 0.011129 4.988871 
CHEMBL3125702 5 0.011134 4.988866 
CHEMBL377300 5 0.011409 4.988591 
CHEMBL1735 5 0.011562 4.988438 
CHEMBL220491 5 0.011573 4.988427 
CHEMBL4297454 5 0.01158 4.98842 
CHEMBL1200678 5 0.011649 4.988351 
CHEMBL3137330 5 0.011672 4.988327 
CHEMBL554 5 0.011904 4.988096 
CHEMBL1163 5 0.011945 4.988055 
CHEMBL1213165 5 0.012008 4.987992 
CHEMBL1487 5 0.01221 4.987791 
CHEMBL4297505 5 0.012225 4.987775 
CHEMBL217092 5 0.012392 4.987608 
CHEMBL1650443 5 0.012843 4.987157 
CHEMBL1738757 5 0.012861 4.98714 
CHEMBL2386889 5 0.012889 4.98711 
CHEMBL3982690 5 0.013511 4.986489 
CHEMBL393220 5 0.013847 4.986152 
CHEMBL2105754 5 0.013989 4.986011 
CHEMBL2218919 5 0.014104 4.985896 
CHEMBL607707 5 0.014129 4.985871 
CHEMBL2041933 5 0.014131 4.985869 
CHEMBL440498 5 0.014279 4.985721 
CHEMBL1200707 5 0.014426 4.985574 
CHEMBL2205230 5 0.014531 4.985469 
CHEMBL197672 5 0.014582 4.985418 
CHEMBL4297600 5 0.014928 4.985072 
CHEMBL1660 5 0.014997 4.985002 
CHEMBL3911164 5 0.015327 4.984673 
CHEMBL2331680 5 0.015717 4.984283 
CHEMBL1651956 5 0.016088 4.983912 
CHEMBL1200866 5 0.016131 4.983869 
CHEMBL305666 5 0.016431 4.983569 
CHEMBL3287218 5 0.017188 4.982811 
CHEMBL3545215 5 0.017373 4.982627 
CHEMBL494089 5 0.017979 4.982021 
CHEMBL1645462 5 0.018617 4.981383 
CHEMBL4297324 5 0.01886 4.98114 
CHEMBL2103838 5 0.01933 4.98067 
CHEMBL220050 5 0.019439 4.980561 
CHEMBL3695568 5 0.019776 4.980224 
CHEMBL3181870 5 0.02048 4.97952 
CHEMBL1688529 5 0.020502 4.979498 
CHEMBL4297189 5 0.020644 4.979357 
CHEMBL1195136 5 0.020697 4.979303 
CHEMBL3039520 5 0.020786 4.979214 
CHEMBL1095032 5 0.021626 4.978374 
CHEMBL3301622 5 0.021627 4.978372 
CHEMBL481 5 0.021727 4.978273 
CHEMBL4297526 5 0.02176 4.97824 
CHEMBL3113734 5 0.021762 4.978238 
CHEMBL575448 5 0.022159 4.977841 
CHEMBL1688243 5 0.022415 4.977585 
CHEMBL2347655 5 0.023051 4.976949 
CHEMBL1201250 5 0.023357 4.976643 
CHEMBL2105637 5 0.023403 4.976597 
CHEMBL82202 5 0.023506 4.976495 
CHEMBL4297063 5 0.023782 4.976218 
CHEMBL2107831 5 0.023795 4.976205 
CHEMBL1086218 5 0.023992 4.976008 
CHEMBL1091644 5 0.024069 4.975931 
CHEMBL1201179 5 0.0244 4.975599 
CHEMBL2364639 5 0.02482 4.97518 
CHEMBL1873475 5 0.025119 4.974881 
CHEMBL1614650 5 0.025447 4.974553 
CHEMBL2396989 5 0.025948 4.974052 
CHEMBL160 5 0.026367 4.973633 
CHEMBL2403108 5 0.026504 4.973496 
CHEMBL4297597 5 0.026536 4.973463 
CHEMBL1096896 5 0.026546 4.973454 
CHEMBL3622821 5 0.026618 4.973382 
CHEMBL203567 5 0.02687 4.97313 
CHEMBL3989759 5 0.026905 4.973095 
CHEMBL1952329 5 0.027256 4.972744 
CHEMBL24828 5 0.027341 4.972659 
CHEMBL3989766 5 0.027429 4.972571 
CHEMBL4297377 5 0.027476 4.972525 
CHEMBL2105638 5 0.027681 4.972319 
CHEMBL3989514 5 0.027916 4.972084 
CHEMBL1088751 5 0.027995 4.972005 
CHEMBL1200692 5 0.028195 4.971805 
CHEMBL521686 5 0.02835 4.97165 
CHEMBL4065122 5 0.028365 4.971635 
CHEMBL2103840 5 0.028498 4.971503 
CHEMBL3301603 5 0.028683 4.971317 
CHEMBL3707235 5 0.029061 4.970939 
CHEMBL500853 5 0.029215 4.970784 
CHEMBL1801250 5 0.029704 4.970296 
CHEMBL3989868 5 0.029927 4.970073 
CHEMBL1208422 5 0.029999 4.970001 
CHEMBL3989461 5 0.030475 4.969525 
CHEMBL3707248 5 0.030989 4.969011 
CHEMBL3183409 5 0.031028 4.968972 
CHEMBL200177 5 0.03127 4.96873 
CHEMBL4093031 5 0.032183 4.967818 
CHEMBL850 5 0.032312 4.967688 
CHEMBL1554 5 0.032616 4.967384 
CHEMBL3707269 5 0.033046 4.966954 
CHEMBL3137308 5 0.03327 4.96673 
CHEMBL3261331 5 0.034471 4.965529 
CHEMBL3989866 5 0.035292 4.964708 
CHEMBL109480 5 0.03546 4.96454 
CHEMBL1688530 5 0.035641 4.964358 
CHEMBL522892 5 0.035986 4.964013 
CHEMBL1922235 5 0.036137 4.963863 
CHEMBL3894860 5 0.036623 4.963377 
CHEMBL1259 5 0.03667 4.96333 
CHEMBL2107777 5 0.036799 4.963201 
CHEMBL1269597 5 0.036946 4.963053 
CHEMBL3287379 5 0.037313 4.962688 
CHEMBL2387080 5 0.037659 4.962341 
CHEMBL2104954 5 0.038047 4.961953 
CHEMBL3039513 5 0.038432 4.961568 
CHEMBL4297628 5 0.038557 4.961444 
CHEMBL3414621 5 0.038559 4.961442 
CHEMBL545437 5 0.039058 4.960942 
CHEMBL1829174 5 0.039508 4.960492 
CHEMBL570015 5 0.039896 4.960104 
CHEMBL1193948 5 0.040179 4.959821 
CHEMBL3989968 5 0.040779 4.959221 
CHEMBL3359265 5 0.041038 4.958962 
CHEMBL2105708 5 0.041061 4.958939 
CHEMBL219410 5 0.041558 4.958442 
CHEMBL363648 5 0.041684 4.958316 
CHEMBL513909 5 0.041814 4.958186 
CHEMBL3674570 5 0.042394 4.957606 
CHEMBL3545420 5 0.042814 4.957185 
CHEMBL1587 5 0.043034 4.956967 
CHEMBL4297528 5 0.043928 4.956072 
CHEMBL1082723 5 0.044187 4.955813 
CHEMBL482967 5 0.044609 4.955391 
CHEMBL1214827 5 0.04463 4.955371 
CHEMBL598797 5 0.045213 4.954787 
CHEMBL4297527 5 0.045676 4.954323 
CHEMBL2103858 5 0.046212 4.953788 
CHEMBL512351 5 0.04654 4.95346 
CHEMBL178654 5 0.046592 4.953408 
CHEMBL64391 5 0.046693 4.953307 
CHEMBL4301163 5 0.04746 4.95254 
CHEMBL3121849 5 0.047598 4.952402 
CHEMBL2013174 5 0.04781 4.95219 
CHEMBL2110666 5 0.047978 4.952022 
CHEMBL574738 5 0.048012 4.951987 
CHEMBL3286830 5 0.048088 4.951912 
CHEMBL2012520 5 0.048628 4.951372 
CHEMBL1230065 5 0.049251 4.950748 
CHEMBL3137313 5 0.050275 4.949725 
CHEMBL507361 5 0.05052 4.94948 
CHEMBL2104962 5 0.050854 4.949146 
CHEMBL3920982 5 0.051374 4.948626 
CHEMBL4297478 5 0.051426 4.948574 
CHEMBL3301599 5 0.051655 4.948345 
CHEMBL1739 5 0.051944 4.948055 
CHEMBL1938400 5 0.051949 4.948051 
CHEMBL592445 5 0.052282 4.947718 
CHEMBL4292264 5 0.052398 4.947602 
CHEMBL2103842 5 0.053661 4.946338 
CHEMBL2359093 5 0.053809 4.946192 
CHEMBL4297455 5 0.054393 4.945607 
CHEMBL3989921 5 0.054592 4.945408 
CHEMBL1967878 5 0.054669 4.945331 
CHEMBL1090479 5 0.055558 4.944443 
CHEMBL4297374 5 0.055793 4.944207 
CHEMBL1233940 5 0.056875 4.943125 
CHEMBL1835919 5 0.058123 4.941877 
CHEMBL3963485 5 0.058632 4.941368 
CHEMBL4297315 5 0.059392 4.940609 
CHEMBL14249 5 0.059414 4.940586 
CHEMBL1171837 5 0.062197 4.937803 
CHEMBL180022 5 0.062224 4.937776 
CHEMBL278315 5 0.062554 4.937446 
CHEMBL4297467 5 0.062922 4.937078 
CHEMBL2323775 5 0.063343 4.936657 
CHEMBL4217292 5 0.0653 4.9347 
CHEMBL4297423 5 0.066839 4.933161 
CHEMBL3545340 5 0.066893 4.933107 
CHEMBL3793226 5 0.070728 4.929272 
CHEMBL3545312 5 0.074051 4.925948 
CHEMBL595573 5 0.074327 4.925673 
CHEMBL4297475 5 0.075565 4.924435 
CHEMBL457748 5 0.076651 4.923349 
CHEMBL2107832 5 0.077723 4.922277 
CHEMBL1201281 5 0.078136 4.921864 
CHEMBL2364638 5 0.078293 4.921707 
CHEMBL587723 5 0.079824 4.920176 
CHEMBL2107751 5 0.080174 4.919826 
CHEMBL2303613 5 0.081046 4.918954 
CHEMBL4297482 5 0.081723 4.918277 
CHEMBL2058833 5 0.082449 4.917551 
CHEMBL1422 5 0.083738 4.916262 
CHEMBL1983268 5 0.083979 4.916021 
CHEMBL2095224 5 0.084507 4.915493 
CHEMBL2079588 5 0.085174 4.914826 
CHEMBL374478 5 0.085221 4.914779 
CHEMBL450449 5 0.085617 4.914383 
CHEMBL35228 5 0.085842 4.914158 
CHEMBL3639788 5 0.086161 4.913839 
CHEMBL1082407 5 0.087592 4.912408 
CHEMBL94 5 0.087738 4.912262 
CHEMBL4297302 5 0.087749 4.912251 
CHEMBL297812 5 0.087866 4.912134 
CHEMBL3545062 5 0.089127 4.910873 
CHEMBL2031465 5 0.091055 4.908945 
CHEMBL20 5 0.09187 4.90813 
CHEMBL107 5 0.093337 4.906663 
CHEMBL4297676 5 0.093858 4.906143 
CHEMBL219586 5 0.094181 4.90582 
CHEMBL1201174 5 0.095154 4.904846 
CHEMBL603 5 0.097051 4.902949 
CHEMBL338975 5 0.097058 4.902942 
CHEMBL1237070 5 0.097809 4.902191 
CHEMBL2364611 5 0.09829 4.90171 
CHEMBL1289926 5 0.098549 4.901451 
CHEMBL428690 5 0.099644 4.900355 
CHEMBL383824 5 0.100007 4.899994 
CHEMBL3580737 5 0.101701 4.898299 
CHEMBL2170582 5 0.101769 4.898231 
CHEMBL4297542 5 0.102986 4.897014 
CHEMBL2105630 5 0.105841 4.894159 
CHEMBL3989931 5 0.105953 4.894047 
CHEMBL206834 5 0.106146 4.893854 
CHEMBL2105891 5 0.106417 4.893583 
CHEMBL3989969 5 0.106777 4.893222 
CHEMBL4297601 5 0.107067 4.892933 
CHEMBL3545076 5 0.107245 4.892755 
CHEMBL2105698 5 0.10909 4.89091 
CHEMBL457547 5 0.109618 4.890382 
CHEMBL1939499 5 0.111096 4.888904 
CHEMBL1421 5 0.111123 4.888878 
CHEMBL490029 5 0.11435 4.88565 
CHEMBL3989908 5 0.115509 4.884491 
CHEMBL265502 5 0.117616 4.882384 
CHEMBL3545042 5 0.118319 4.881681 
CHEMBL1236924 5 0.119205 4.880795 
CHEMBL3828074 5 0.119447 4.880553 
CHEMBL1276678 5 0.120237 4.879763 
CHEMBL3184679 5 0.121355 4.878645 
CHEMBL2146086 5 0.121481 4.878519 
CHEMBL44426 5 0.121532 4.878468 
CHEMBL1615025 5 0.124462 4.875538 
CHEMBL1477 5 0.124482 4.875518 
CHEMBL3265032 5 0.126508 4.873492 
CHEMBL2105728 5 0.127483 4.872517 
CHEMBL2105737 5 0.12782 4.87218 
CHEMBL4297261 5 0.13018 4.86982 
CHEMBL3182621 5 0.131514 4.868487 
CHEMBL3137317 5 0.136359 4.863641 
CHEMBL4297367 5 0.13753 4.86247 
CHEMBL4297629 5 0.138139 4.861861 
CHEMBL152067 5 0.138209 4.861791 
CHEMBL31965 5 0.138888 4.861112 
CHEMBL304087 5 0.14113 4.85887 
CHEMBL1484251 5 0.147366 4.852635 
CHEMBL3623004 5 0.147554 4.852446 
CHEMBL4204794 5 0.150306 4.849695 
CHEMBL254316 5 0.15101 4.84899 
CHEMBL1213492 5 0.152157 4.847843 
CHEMBL4297088 5 0.153721 4.846279 
CHEMBL3975308 5 0.154733 4.845267 
CHEMBL503 5 0.156077 4.843923 
CHEMBL1200729 5 0.156082 4.843918 
CHEMBL4297183 5 0.156419 4.843581 
CHEMBL322241 5 0.159148 4.840852 
CHEMBL3707312 5 0.161923 4.838077 
CHEMBL545315 5 0.164192 4.835808 
CHEMBL3545166 5 0.164309 4.83569 
CHEMBL790 5 0.166406 4.833594 
CHEMBL4297668 5 0.168491 4.831509 
CHEMBL41355 5 0.170602 4.829399 
CHEMBL3622820 5 0.173836 4.826164 
CHEMBL255044 5 0.177003 4.822997 
CHEMBL4071161 5 0.177596 4.822404 
CHEMBL1481 5 0.179008 4.820992 
CHEMBL2354444 5 0.184894 4.815107 
CHEMBL3137315 5 0.185145 4.814855 
CHEMBL2107823 5 0.185684 4.814316 
CHEMBL482968 5 0.186264 4.813736 
CHEMBL377559 5 0.187546 4.812454 
CHEMBL553 5 0.187591 4.812409 
CHEMBL3338194 5 0.189354 4.810646 
CHEMBL1064 5 0.189769 4.810231 
CHEMBL46618 5 0.189866 4.810134 
CHEMBL38827 5 0.190696 4.809304 
CHEMBL2403318 5 0.191543 4.808457 
CHEMBL4297323 5 0.192935 4.807065 
CHEMBL506981 5 0.194153 4.805847 
CHEMBL1289601 5 0.19426 4.805739 
CHEMBL1672635 5 0.194458 4.805542 
CHEMBL2105131 5 0.194774 4.805226 
CHEMBL1144 5 0.195937 4.804063 
CHEMBL105442 5 0.196032 4.803968 
CHEMBL1200507 5 0.199026 4.800974 
CHEMBL514270 5 0.199093 4.800907 
CHEMBL225411 5 0.199696 4.800304 
CHEMBL3544932 5 0.199798 4.800202 
CHEMBL2181753 5 0.201849 4.798151 
CHEMBL3545369 5 0.202245 4.797755 
CHEMBL1200628 5 0.20479 4.79521 
CHEMBL4291143 5 0.206685 4.793315 
CHEMBL4297633 5 0.207768 4.792233 
CHEMBL435 5 0.208696 4.791304 
CHEMBL508360 5 0.208938 4.791062 
CHEMBL4297657 5 0.210538 4.789462 
CHEMBL1095777 5 0.211378 4.788622 
CHEMBL501849 5 0.211764 4.788236 
CHEMBL3989869 5 0.212141 4.787859 
CHEMBL267431 5 0.2125 4.7875 
CHEMBL3989887 5 0.212713 4.787287 
CHEMBL1741078 5 0.213056 4.786944 
CHEMBL3948730 5 0.213292 4.786708 
CHEMBL1079742 5 0.213382 4.786618 
CHEMBL2105759 5 0.215008 4.784992 
CHEMBL1184904 5 0.215411 4.784589 
CHEMBL1276308 5 0.215415 4.784585 
CHEMBL2105704 5 0.216203 4.783797 
CHEMBL4205422 5 0.221562 4.778438 
CHEMBL488436 5 0.222537 4.777463 
CHEMBL1789842 5 0.222774 4.777226 
CHEMBL103667 5 0.222944 4.777056 
CHEMBL572878 5 0.222945 4.777054 
CHEMBL3319236 5 0.226948 4.773052 
CHEMBL2218894 5 0.228489 4.771511 
CHEMBL262777 5 0.230244 4.769756 
CHEMBL1543 5 0.230361 4.769639 
CHEMBL2142592 5 0.236967 4.763033 
CHEMBL4297067 5 0.23919 4.76081 
CHEMBL2177913 5 0.239339 4.760661 
CHEMBL1230609 5 0.239984 4.760017 
CHEMBL564829 5 0.241682 4.758318 
CHEMBL3137320 5 0.242465 4.757534 
CHEMBL3545396 5 0.242466 4.757534 
CHEMBL2107340 5 0.244224 4.755776 
CHEMBL3545274 5 0.246716 4.753284 
CHEMBL2105712 5 0.247586 4.752414 
CHEMBL2035187 5 0.249014 4.750986 
CHEMBL2105680 5 0.250016 4.749984 
CHEMBL269732 5 0.250157 4.749843 
CHEMBL4297664 5 0.253028 4.746972 
CHEMBL3545308 5 0.255368 4.744632 
CHEMBL1173655 5 0.259841 4.740159 
CHEMBL2104404 5 0.260732 4.739268 
CHEMBL2447908 5 0.262203 4.737798 
CHEMBL1980297 5 0.264094 4.735906 
CHEMBL2103875 5 0.264412 4.735588 
CHEMBL2263632 5 0.266426 4.733574 
CHEMBL403664 5 0.270227 4.729773 
CHEMBL269259 5 0.27221 4.72779 
CHEMBL539666 5 0.273138 4.726862 
CHEMBL303933 5 0.273162 4.72684 
CHEMBL3137318 5 0.273784 4.726217 
CHEMBL2110727 5 0.273952 4.726048 
CHEMBL2325741 5 0.274172 4.725828 
CHEMBL729 5 0.280382 4.719618 
CHEMBL3989926 5 0.282839 4.71716 
CHEMBL2107787 5 0.284788 4.715212 
CHEMBL2220486 5 0.286833 4.713167 
CHEMBL2105741 5 0.288158 4.711842 
CHEMBL3545085 5 0.28863 4.71137 
CHEMBL277100 5 0.290504 4.709497 
CHEMBL521851 5 0.2908 4.7092 
CHEMBL447955 5 0.290835 4.709165 
CHEMBL398891 5 0.291045 4.708955 
CHEMBL1944698 5 0.291441 4.708558 
CHEMBL46740 5 0.292236 4.707764 
CHEMBL592435 5 0.299436 4.700564 
CHEMBL437765 5 0.299683 4.700317 
CHEMBL4297498 5 0.301805 4.698195 
CHEMBL2105857 5 0.302396 4.697604 
CHEMBL2105686 5 0.30268 4.697319 
CHEMBL4297507 5 0.306386 4.693614 
CHEMBL3402762 5 0.306469 4.693532 
CHEMBL1922094 5 0.307762 4.692238 
CHEMBL2107495 5 0.309215 4.690785 
CHEMBL1171829 5 0.313368 4.686632 
CHEMBL444633 5 0.315723 4.684277 
CHEMBL257662 5 0.316395 4.683605 
CHEMBL1200555 5 0.321272 4.678728 
CHEMBL3085504 5 0.321819 4.678181 
CHEMBL3663929 5 0.321965 4.678035 
CHEMBL2017974 5 0.32204 4.67796 
CHEMBL4297636 5 0.32239 4.677609 
CHEMBL4297647 5 0.324193 4.675807 
CHEMBL1236962 5 0.326005 4.673995 
CHEMBL4085457 5 0.326897 4.673103 
CHEMBL2107772 5 0.327199 4.672801 
CHEMBL2106615 5 0.329661 4.670339 
CHEMBL1200480 5 0.33152 4.66848 
CHEMBL3707350 5 0.333616 4.666384 
CHEMBL231779 5 0.334287 4.665713 
CHEMBL3989909 5 0.33528 4.66472 
CHEMBL2105834 5 0.337064 4.662936 
CHEMBL1200951 5 0.337887 4.662113 
CHEMBL3643413 5 0.338249 4.661751 
CHEMBL1200393 5 0.338354 4.661646 
CHEMBL1680 5 0.340567 4.659433 
CHEMBL3348923 5 0.345141 4.654859 
CHEMBL2107212 5 0.349562 4.650439 
CHEMBL107367 5 0.351153 4.648847 
CHEMBL1673159 5 0.351345 4.648655 
CHEMBL1652442 5 0.354972 4.645028 
CHEMBL3360203 5 0.361282 4.638718 
CHEMBL3787344 5 0.366894 4.633106 
CHEMBL413 5 0.369976 4.630024 
CHEMBL3407547 5 0.372716 4.627284 
CHEMBL583 5 0.373354 4.626646 
CHEMBL3187683 5 0.374066 4.625934 
CHEMBL1207745 5 0.378252 4.621748 
CHEMBL402548 5 0.380169 4.619831 
CHEMBL1200686 5 0.384835 4.615165 
CHEMBL3039498 5 0.385983 4.614017 
CHEMBL4297181 5 0.386107 4.613893 
CHEMBL4297589 5 0.388535 4.611465 
CHEMBL3544911 5 0.389243 4.610758 
CHEMBL3545163 5 0.394429 4.605571 
CHEMBL1230165 5 0.401073 4.598927 
CHEMBL3137314 5 0.401166 4.598834 
CHEMBL203665 5 0.405856 4.594144 
CHEMBL2107384 5 0.40622 4.593779 
CHEMBL435883 5 0.40652 4.59348 
CHEMBL1614702 5 0.40871 4.59129 
CHEMBL4297187 5 0.408935 4.591065 
CHEMBL3334567 5 0.409121 4.590879 
CHEMBL4297480 5 0.41003 4.58997 
CHEMBL3301606 5 0.412243 4.587757 
CHEMBL3301607 5 0.413704 4.586296 
CHEMBL3545341 5 0.413795 4.586205 
CHEMBL1911274 5 0.4195 4.580499 
CHEMBL1200681 5 0.420216 4.579784 
CHEMBL82301 5 0.420857 4.579143 
CHEMBL1614701 5 0.421004 4.578996 
CHEMBL346631 5 0.422897 4.577103 
CHEMBL2087361 5 0.423054 4.576946 
CHEMBL3707348 5 0.426328 4.573672 
CHEMBL4297615 5 0.426664 4.573335 
CHEMBL1198855 5 0.426896 4.573104 
CHEMBL551813 5 0.429371 4.570629 
CHEMBL2105684 5 0.430265 4.569735 
CHEMBL1231160 5 0.431981 4.568019 
CHEMBL2103791 5 0.436135 4.563865 
CHEMBL1615807 5 0.439394 4.560606 
CHEMBL3219124 5 0.441981 4.558019 
CHEMBL787 5 0.450016 4.549984 
CHEMBL126648 5 0.451045 4.548955 
CHEMBL4297416 5 0.45302 4.54698 
CHEMBL2103828 5 0.45353 4.54647 
CHEMBL3707372 5 0.454984 4.545017 
CHEMBL1616008 5 0.455614 4.544386 
CHEMBL3545337 5 0.457618 4.542382 
CHEMBL515387 5 0.457667 4.542332 
CHEMBL1667969 5 0.457806 4.542194 
CHEMBL289228 5 0.459581 4.540419 
CHEMBL3989914 5 0.46018 4.53982 
CHEMBL4297530 5 0.460967 4.539032 
CHEMBL1201248 5 0.461659 4.53834 
CHEMBL1908360 5 0.466059 4.533941 
CHEMBL236593 5 0.46906 4.53094 
CHEMBL4297645 5 0.469295 4.530706 
CHEMBL436774 5 0.469673 4.530327 
CHEMBL2364614 5 0.474143 4.525857 
CHEMBL1360 5 0.475101 4.524899 
CHEMBL3916717 5 0.476783 4.523217 
CHEMBL1200527 5 0.478951 4.52105 
CHEMBL1200647 5 0.481729 4.518271 
CHEMBL1084546 5 0.486634 4.513366 
CHEMBL1733174 5 0.488659 4.511341 
CHEMBL2219422 5 0.490014 4.509986 
CHEMBL1275839 5 0.491088 4.508913 
CHEMBL338604 5 0.491723 4.508277 
CHEMBL4297487 5 0.492824 4.507176 
CHEMBL3186534 5 0.495196 4.504804 
CHEMBL2105656 5 0.496248 4.503752 
CHEMBL60889 5 0.496799 4.503201 
CHEMBL451887 5 0.498953 4.501047 
CHEMBL2392545 5 0.499979 4.500021 
CHEMBL3545414 5 0.502815 4.497185 
CHEMBL499808 5 0.50855 4.491448 
CHEMBL3304244 5 0.510759 4.489241 
CHEMBL3967849 5 0.510811 4.489189 
CHEMBL1951914 5 0.511445 4.488555 
CHEMBL4283683 5 0.513262 4.486738 
CHEMBL4297289 5 0.514503 4.485497 
CHEMBL1642 5 0.516695 4.483305 
CHEMBL2103743 5 0.517577 4.482423 
CHEMBL1950651 5 0.524671 4.475329 
CHEMBL1200641 5 0.52756 4.47244 
CHEMBL4297142 5 0.536532 4.463468 
CHEMBL562668 5 0.536592 4.463408 
CHEMBL1092581 5 0.542479 4.457521 
CHEMBL1237099 5 0.543157 4.456843 
CHEMBL1910936 5 0.544817 4.455183 
CHEMBL929 5 0.547713 4.452287 
CHEMBL551064 5 0.559173 4.440827 
CHEMBL70663 5 0.559805 4.440195 
CHEMBL1254709 5 0.562149 4.437852 
CHEMBL1201752 5 0.565622 4.434378 
CHEMBL593 5 0.566981 4.433019 
CHEMBL1512580 5 0.570946 4.429054 
CHEMBL298817 5 0.571703 4.428297 
CHEMBL4084907 5 0.576995 4.423005 
CHEMBL16498 5 0.57767 4.42233 
CHEMBL3644587 5 0.578629 4.421371 
CHEMBL495727 5 0.581803 4.418197 
CHEMBL3545363 5 0.583205 4.416795 
CHEMBL1162 5 0.592084 4.407917 
CHEMBL4297373 5 0.592103 4.407897 
CHEMBL941 5 0.594518 4.405482 
CHEMBL1237123 5 0.613462 4.386538 
CHEMBL567303 5 0.626315 4.373685 
CHEMBL3545307 5 0.631053 4.368947 
CHEMBL609583 5 0.631795 4.368206 
CHEMBL173929 5 0.63243 4.36757 
CHEMBL1921847 5 0.637031 4.36297 
CHEMBL298734 5 0.637968 4.362032 
CHEMBL2218878 5 0.638839 4.361161 
CHEMBL3786098 5 0.64301 4.35699 
CHEMBL4112930 5 0.643031 4.356969 
CHEMBL1200779 5 0.648316 4.351684 
CHEMBL608533 5 0.648532 4.351468 
CHEMBL1257051 5 0.659281 4.340719 
CHEMBL1908351 5 0.663273 4.336727 
CHEMBL3545413 5 0.666619 4.333381 
CHEMBL1697845 5 0.668562 4.331438 
CHEMBL2062154 5 0.677404 4.322597 
CHEMBL408350 5 0.685324 4.314675 
CHEMBL4297436 5 0.687589 4.312411 
CHEMBL119 5 0.70194 4.29806 
CHEMBL1908305 5 0.719768 4.280232 
CHEMBL3545188 5 0.726562 4.273438 
CHEMBL1560 5 0.734092 4.265908 
CHEMBL4297188 5 0.737898 4.262102 
CHEMBL2107455 5 0.738236 4.261764 
CHEMBL428 5 0.746408 4.253592 
CHEMBL1201304 5 0.748285 4.251715 
CHEMBL4297481 5 0.752265 4.247734 
CHEMBL3301600 5 0.757718 4.242282 
CHEMBL279260 5 0.763037 4.236963 
CHEMBL4297602 5 0.770736 4.229264 
CHEMBL3039583 5 0.772018 4.227982 
CHEMBL1200624 5 0.774046 4.225954 
CHEMBL496102 5 0.775227 4.224773 
CHEMBL4297484 5 0.783789 4.216212 
CHEMBL4297278 5 0.795854 4.204146 
CHEMBL114 5 0.810482 4.189518 
CHEMBL2336071 5 0.810493 4.189507 
CHEMBL2103839 5 0.811124 4.188876 
CHEMBL4297525 5 0.812445 4.187555 
CHEMBL3260567 5 0.816669 4.183331 
CHEMBL3039588 5 0.81736 4.18264 
CHEMBL258805 5 0.830575 4.169425 
CHEMBL107874 5 0.850414 4.149586 
CHEMBL1496 5 0.866448 4.133552 
CHEMBL41194 5 0.871205 4.128795 
CHEMBL3301625 5 0.880719 4.119281 
CHEMBL3545403 5 0.884939 4.115061 
CHEMBL343448 5 0.885616 4.114384 
CHEMBL2107214 5 0.890431 4.109569 
CHEMBL4297329 5 0.892288 4.107712 
CHEMBL91397 5 0.894878 4.105124 
CHEMBL267495 5 0.948832 4.051168 
CHEMBL1161 5 0.954677 4.045323 
CHEMBL3092650 5 0.95991 4.04009 
CHEMBL225071 5 0.979504 4.020496 
CHEMBL396778 5 0.981845 4.018155 
CHEMBL490665 5 0.984139 4.015861 
CHEMBL48582 5 0.998509 4.001491 
CHEMBL3545252 5 1.034531 3.965469 
CHEMBL92 5 1.039963 3.960037 
CHEMBL1255800 5 1.047584 3.952416 
CHEMBL95 5 1.061872 3.938128 
CHEMBL3989409 5 1.101989 3.898012 
CHEMBL3989801 5 1.11713 3.88287 
CHEMBL1908391 5 1.148347 3.851653 
CHEMBL2105949 5 1.186942 3.813058 
CHEMBL3039522 5 1.192389 3.807611 
CHEMBL226267 5 1.253371 3.746629 
CHEMBL4297541 5 1.380089 3.619911 
CHEMBL4297396 5 1.396363 3.603639 
CHEMBL279433 5 1.497994 3.502006 
