CHEMBL18 5 -26.96 25.19 
CHEMBL288441 5 -22.01 18.32 
CHEMBL1163 5 -19.59 17.69 
CHEMBL20 5 -30.28 16.34 
CHEMBL419 5 -27.15 15.23 
CHEMBL223228 5 -20.22 15.2 
CHEMBL66274 5 -31.74 14.77 
CHEMBL22587 5 -15.05 14.39 
CHEMBL237500 5 -23.7 14.07 
CHEMBL115 5 -21.94 13.99 
CHEMBL393220 5 -22.38 13.93 
CHEMBL554 5 -21.09 13.73 
CHEMBL1421 5 -16.56 13.61 
CHEMBL584 5 -19.95 13.2 
CHEMBL46740 5 -15.84 12.68 
CHEMBL255863 5 -31.28 12.57 
CHEMBL393336 5 -25.63 11.85 
CHEMBL1064 5 -10.75 11.8 
CHEMBL603 5 -16.16 11.69 
CHEMBL360055 5 -16.3 11.06 
CHEMBL288100 5 -36.17 10.59 
CHEMBL1113 5 -8.26 10.3 
CHEMBL192892 5 -21.95 10.13 
CHEMBL1205 5 -23.26 9.98 
CHEMBL481 5 -28.6 9.57 
CHEMBL3261333 5 -27.98 9.32 
CHEMBL439849 5 -7.14 8.41 
CHEMBL1162 5 -12.26 7.98 
CHEMBL41355 5 -13.58 7.61 
CHEMBL343448 5 -4.79 7.01 
CHEMBL451887 5 -11.33 6.57 
CHEMBL553 5 -11.83 6.21 
CHEMBL1439 5 -17.37 5.9 
CHEMBL3288667 5 -14.05 5.43 
CHEMBL729 5 -18.97 5.1 
CHEMBL262022 5 -24.45 4.91 
CHEMBL1560 5 -6.55 4.62 
CHEMBL583 5 -20.79 4.46 
CHEMBL593 5 -10.98 4.42 
CHEMBL3288678 5 -11.51 4.27 
CHEMBL52609 5 -29.07 4.07 
CHEMBL1161 5 -7.23 3.67 
CHEMBL413 5 -22.88 3.57 
CHEMBL422330 5 -19.83 3.35 
CHEMBL1680 5 -15.51 3.33 
CHEMBL119 5 -10.3 3.28 
CHEMBL231779 5 -20.39 3.12 
CHEMBL1360 5 -18.46 0.8 
CHEMBL295272 5 -23.81 0.32 
CHEMBL3288959 5 -14.86 0.14 
