CHEMBL288441 5 -19.45 22.02 
CHEMBL66274 5 -29.17 18.53 
CHEMBL18 5 -35.33 17.95 
CHEMBL20 5 -24.1 17.61 
CHEMBL393220 5 -22.18 17.23 
CHEMBL1205 5 -20.88 14.68 
CHEMBL1163 5 -23.07 14.67 
CHEMBL237500 5 -23.52 14.1 
CHEMBL419 5 -32.02 14.03 
CHEMBL22587 5 -18.2 13.51 
CHEMBL584 5 -21.92 13.35 
CHEMBL1421 5 -20.59 13.12 
CHEMBL393336 5 -19.13 12.97 
CHEMBL554 5 -21.59 12.51 
CHEMBL288100 5 -36.47 12.47 
CHEMBL192892 5 -22.7 10.94 
CHEMBL46740 5 -19.28 10.75 
CHEMBL1162 5 -10.73 10.48 
CHEMBL603 5 -17.34 10.47 
CHEMBL255863 5 -31.43 10.3 
CHEMBL1064 5 -11.09 10.05 
CHEMBL115 5 -26.28 9.54 
CHEMBL223228 5 -22.54 9.06 
CHEMBL41355 5 -10.97 9.05 
CHEMBL262022 5 -19.96 8.35 
CHEMBL3261333 5 -29.16 8.22 
CHEMBL3288667 5 -10.33 8.18 
CHEMBL553 5 -11.26 8.03 
CHEMBL1337960 5 -3.76 7.55 
CHEMBL451887 5 -11.4 6.85 
CHEMBL1439 5 -17.38 6.69 
CHEMBL343448 5 -4.98 6.18 
CHEMBL481 5 -27.44 6.01 
CHEMBL231779 5 -19.22 5.65 
CHEMBL1560 5 -5.25 5.64 
CHEMBL1161 5 -7.91 5.43 
CHEMBL439849 5 -9.73 5.18 
CHEMBL52609 5 -27.6 4.57 
CHEMBL422330 5 -16.87 3.93 
CHEMBL593 5 -12.28 3.89 
CHEMBL1680 5 -14.1 3.28 
CHEMBL729 5 -20.64 2.56 
CHEMBL119 5 -10.9 1.89 
CHEMBL1360 5 -19.91 1.17 
CHEMBL295272 5 -22.18 0.93 
CHEMBL583 5 -24.55 0.76 
CHEMBL413 5 -25.93 -0.05 
CHEMBL3288959 5 -14.61 -0.15 
