CHEMBL3661115 5 0.000388 4.999612 
CHEMBL3301612 5 0.000412 4.999588 
CHEMBL18 5 0.000413 4.999586 
CHEMBL200102 5 0.000475 4.999525 
CHEMBL3916243 5 0.000523 4.999477 
CHEMBL19 5 0.00087 4.99913 
CHEMBL334830 5 0.001152 4.998848 
CHEMBL4297458 5 0.001194 4.998806 
CHEMBL3092562 5 0.001215 4.998786 
CHEMBL1236682 5 0.001337 4.998663 
CHEMBL4204869 5 0.001481 4.99852 
CHEMBL252164 5 0.001589 4.998411 
CHEMBL288441 5 0.002098 4.997902 
CHEMBL1766582 5 0.002117 4.997883 
CHEMBL494753 5 0.002179 4.997821 
CHEMBL1230122 5 0.002195 4.997805 
CHEMBL1088752 5 0.00235 4.99765 
CHEMBL1201161 5 0.002478 4.997522 
CHEMBL3991065 5 0.002547 4.997453 
CHEMBL1201187 5 0.002557 4.997443 
CHEMBL1200980 5 0.002566 4.997434 
CHEMBL4297383 5 0.00265 4.99735 
CHEMBL1200563 5 0.002653 4.997347 
CHEMBL255863 5 0.002697 4.997303 
CHEMBL601719 5 0.002724 4.997276 
CHEMBL3581647 5 0.002726 4.997274 
CHEMBL1801204 5 0.002752 4.997248 
CHEMBL4297470 5 0.002835 4.997165 
CHEMBL206815 5 0.002898 4.997102 
CHEMBL2336325 5 0.002908 4.997091 
CHEMBL198362 5 0.003274 4.996726 
CHEMBL2402737 5 0.004201 4.995799 
CHEMBL1614766 5 0.00422 4.995781 
CHEMBL119385 5 0.004227 4.995773 
CHEMBL1201740 5 0.004233 4.995767 
CHEMBL3989948 5 0.004571 4.995429 
CHEMBL514201 5 0.004598 4.995402 
CHEMBL217092 5 0.004611 4.99539 
CHEMBL3989867 5 0.004625 4.995375 
CHEMBL4297524 5 0.004687 4.995313 
CHEMBL419 5 0.00469 4.99531 
CHEMBL3545378 5 0.004739 4.995261 
CHEMBL579217 5 0.004768 4.995232 
CHEMBL4297465 5 0.004779 4.995221 
CHEMBL4297613 5 0.005071 4.994929 
CHEMBL3939284 5 0.005115 4.994884 
CHEMBL3545264 5 0.005225 4.994775 
CHEMBL591118 5 0.005362 4.994637 
CHEMBL1208829 5 0.005483 4.994517 
CHEMBL2105762 5 0.005764 4.994236 
CHEMBL2043025 5 0.006106 4.993894 
CHEMBL1200678 5 0.006156 4.993844 
CHEMBL1090089 5 0.006191 4.993809 
CHEMBL190333 5 0.006214 4.993786 
CHEMBL3402567 5 0.006365 4.993635 
CHEMBL2331680 5 0.006465 4.993535 
CHEMBL1780010 5 0.006526 4.993474 
CHEMBL237500 5 0.006592 4.993408 
CHEMBL1487 5 0.006782 4.993218 
CHEMBL2386346 5 0.006837 4.993163 
CHEMBL4208229 5 0.006875 4.993125 
CHEMBL3301601 5 0.006882 4.993118 
CHEMBL4300154 5 0.0069 4.993099 
CHEMBL4212531 5 0.007032 4.992969 
CHEMBL1213165 5 0.007031 4.992968 
CHEMBL21 5 0.007089 4.992911 
CHEMBL1189025 5 0.007105 4.992895 
CHEMBL1779710 5 0.007153 4.992847 
CHEMBL197194 5 0.007171 4.992829 
CHEMBL1951575 5 0.007362 4.992638 
CHEMBL2333941 5 0.007397 4.992603 
CHEMBL220491 5 0.00755 4.99245 
CHEMBL4297649 5 0.007685 4.992315 
CHEMBL2041933 5 0.007821 4.992179 
CHEMBL3125702 5 0.007971 4.992029 
CHEMBL197672 5 0.008371 4.991629 
CHEMBL4297477 5 0.008398 4.991602 
CHEMBL2111083 5 0.008402 4.991598 
CHEMBL3544964 5 0.008428 4.991572 
CHEMBL296468 5 0.008445 4.991555 
CHEMBL2381408 5 0.008557 4.991443 
CHEMBL377300 5 0.008582 4.991418 
CHEMBL75094 5 0.008658 4.991343 
CHEMBL1229211 5 0.008797 4.991203 
CHEMBL2218919 5 0.008832 4.991168 
CHEMBL3989516 5 0.008849 4.991151 
CHEMBL1232461 5 0.009008 4.990992 
CHEMBL1738757 5 0.009098 4.990902 
CHEMBL3681949 5 0.009208 4.990792 
CHEMBL3982690 5 0.009232 4.990768 
CHEMBL2146883 5 0.009342 4.990658 
CHEMBL554 5 0.009797 4.990203 
CHEMBL3545215 5 0.009831 4.990169 
CHEMBL3301616 5 0.009874 4.990126 
CHEMBL4297505 5 0.009981 4.990019 
CHEMBL1163 5 0.010011 4.989989 
CHEMBL3904602 5 0.010023 4.989977 
CHEMBL1645462 5 0.010169 4.989832 
CHEMBL584 5 0.010253 4.989746 
CHEMBL4297324 5 0.010529 4.989471 
CHEMBL1088750 5 0.010541 4.989459 
CHEMBL3301608 5 0.010574 4.989426 
CHEMBL115 5 0.011053 4.988947 
CHEMBL3137330 5 0.011091 4.988909 
CHEMBL305666 5 0.011196 4.988804 
CHEMBL603469 5 0.011205 4.988795 
CHEMBL1205 5 0.011429 4.98857 
CHEMBL3987016 5 0.011433 4.988567 
CHEMBL518520 5 0.011453 4.988547 
CHEMBL2218893 5 0.011702 4.988297 
CHEMBL3911164 5 0.011763 4.988237 
CHEMBL2010872 5 0.011817 4.988183 
CHEMBL1200707 5 0.011817 4.988183 
CHEMBL3287218 5 0.012157 4.987843 
CHEMBL1182714 5 0.012871 4.987129 
CHEMBL4297454 5 0.013223 4.986777 
CHEMBL607707 5 0.013319 4.986681 
CHEMBL4297600 5 0.013424 4.986576 
CHEMBL2403238 5 0.013749 4.986251 
CHEMBL1688529 5 0.014129 4.985871 
CHEMBL2364607 5 0.014352 4.985648 
CHEMBL1660 5 0.014353 4.985648 
CHEMBL1201179 5 0.014361 4.985639 
CHEMBL3301610 5 0.014646 4.985354 
CHEMBL2205230 5 0.014704 4.985296 
CHEMBL1258517 5 0.015924 4.984076 
CHEMBL393220 5 0.016023 4.983977 
CHEMBL3707248 5 0.016252 4.983748 
CHEMBL3695568 5 0.016456 4.983544 
CHEMBL4297526 5 0.016726 4.983274 
CHEMBL1079593 5 0.016798 4.983202 
CHEMBL220050 5 0.016875 4.983125 
CHEMBL223228 5 0.01806 4.98194 
CHEMBL3989868 5 0.018635 4.981366 
CHEMBL82202 5 0.018825 4.981175 
CHEMBL1735 5 0.019319 4.980681 
CHEMBL2364639 5 0.019415 4.980585 
CHEMBL1095032 5 0.01951 4.98049 
CHEMBL1688243 5 0.019987 4.980013 
CHEMBL1091644 5 0.020368 4.979632 
CHEMBL521686 5 0.020556 4.979444 
CHEMBL440498 5 0.020668 4.979332 
CHEMBL2386889 5 0.0208 4.9792 
CHEMBL3301603 5 0.021443 4.978557 
CHEMBL1086218 5 0.021509 4.978491 
CHEMBL2103838 5 0.02258 4.97742 
CHEMBL494089 5 0.0226 4.9774 
CHEMBL575448 5 0.022602 4.977399 
CHEMBL1195136 5 0.022876 4.977124 
CHEMBL2103840 5 0.023217 4.976783 
CHEMBL1200866 5 0.023463 4.976537 
CHEMBL160 5 0.023771 4.976229 
CHEMBL1651956 5 0.023805 4.976195 
CHEMBL2396989 5 0.02381 4.97619 
CHEMBL1208422 5 0.02435 4.975651 
CHEMBL592445 5 0.024723 4.975277 
CHEMBL1873475 5 0.024877 4.975123 
CHEMBL3707269 5 0.025181 4.974819 
CHEMBL1614650 5 0.025455 4.974545 
CHEMBL3183409 5 0.025874 4.974127 
CHEMBL1554 5 0.025966 4.974034 
CHEMBL4297597 5 0.026064 4.973936 
CHEMBL481 5 0.026106 4.973894 
CHEMBL3989968 5 0.026285 4.973716 
CHEMBL3989759 5 0.026478 4.973522 
CHEMBL507361 5 0.026507 4.973493 
CHEMBL3622821 5 0.026694 4.973306 
CHEMBL2347655 5 0.026707 4.973292 
CHEMBL2105638 5 0.026886 4.973114 
CHEMBL3113734 5 0.027096 4.972904 
CHEMBL2105754 5 0.027138 4.972861 
CHEMBL1200692 5 0.027184 4.972816 
CHEMBL2387080 5 0.027357 4.972643 
CHEMBL200177 5 0.027605 4.972395 
CHEMBL2359093 5 0.027701 4.972299 
CHEMBL3181870 5 0.027825 4.972175 
CHEMBL3989514 5 0.02787 4.97213 
CHEMBL1650443 5 0.028054 4.971945 
CHEMBL3137308 5 0.02848 4.97152 
CHEMBL4297455 5 0.028526 4.971475 
CHEMBL3039520 5 0.028853 4.971147 
CHEMBL3989866 5 0.029221 4.970779 
CHEMBL1922235 5 0.029275 4.970725 
CHEMBL2403108 5 0.029345 4.970655 
CHEMBL3301622 5 0.029447 4.970553 
CHEMBL3989766 5 0.029562 4.970438 
CHEMBL3707235 5 0.03069 4.96931 
CHEMBL598797 5 0.032107 4.967893 
CHEMBL2104954 5 0.032178 4.967822 
CHEMBL4065122 5 0.032496 4.967504 
CHEMBL1082723 5 0.032762 4.967238 
CHEMBL4093031 5 0.032779 4.967221 
CHEMBL219410 5 0.032835 4.967166 
CHEMBL1688530 5 0.032978 4.967022 
CHEMBL1829174 5 0.03306 4.96694 
CHEMBL3894860 5 0.03384 4.96616 
CHEMBL2105637 5 0.034054 4.965946 
CHEMBL363648 5 0.034107 4.965893 
CHEMBL2107777 5 0.034451 4.965548 
CHEMBL203567 5 0.034597 4.965403 
CHEMBL4297063 5 0.035087 4.964913 
CHEMBL14249 5 0.035174 4.964826 
CHEMBL545437 5 0.035223 4.964779 
CHEMBL1801250 5 0.035545 4.964455 
CHEMBL2107831 5 0.035566 4.964434 
CHEMBL3137313 5 0.03587 4.964129 
CHEMBL1201250 5 0.036514 4.963486 
CHEMBL3286830 5 0.036895 4.963105 
CHEMBL1587 5 0.036897 4.963103 
CHEMBL3989461 5 0.036913 4.963087 
CHEMBL1230065 5 0.037036 4.962964 
CHEMBL4297189 5 0.037192 4.962808 
CHEMBL1096896 5 0.037637 4.962363 
CHEMBL1269597 5 0.038065 4.961935 
CHEMBL3414621 5 0.038356 4.961644 
CHEMBL4297528 5 0.038676 4.961323 
CHEMBL3287379 5 0.038751 4.96125 
CHEMBL3039513 5 0.039049 4.960951 
CHEMBL1193948 5 0.039655 4.960345 
CHEMBL3674570 5 0.039745 4.960255 
CHEMBL3359265 5 0.041875 4.958125 
CHEMBL2103858 5 0.042132 4.957868 
CHEMBL1088751 5 0.042184 4.957816 
CHEMBL500853 5 0.042245 4.957755 
CHEMBL574738 5 0.043099 4.956901 
CHEMBL3261331 5 0.043279 4.956721 
CHEMBL4297377 5 0.044092 4.955908 
CHEMBL109480 5 0.044153 4.955847 
CHEMBL2013174 5 0.046196 4.953804 
CHEMBL850 5 0.046593 4.953408 
CHEMBL4297527 5 0.046893 4.953107 
CHEMBL513909 5 0.046986 4.953014 
CHEMBL522892 5 0.047483 4.952517 
CHEMBL4301163 5 0.04803 4.95197 
CHEMBL482967 5 0.048477 4.951523 
CHEMBL570015 5 0.048838 4.951162 
CHEMBL2103842 5 0.049579 4.950421 
CHEMBL1233940 5 0.049731 4.950269 
CHEMBL4297628 5 0.049882 4.950118 
CHEMBL1835919 5 0.05065 4.94935 
CHEMBL2012520 5 0.050892 4.949108 
CHEMBL24828 5 0.050897 4.949102 
CHEMBL180022 5 0.05101 4.94899 
CHEMBL1739 5 0.051336 4.948664 
CHEMBL4297374 5 0.051574 4.948426 
CHEMBL1952329 5 0.05209 4.94791 
CHEMBL64391 5 0.052305 4.947696 
CHEMBL4297478 5 0.053066 4.946934 
CHEMBL4297423 5 0.05429 4.94571 
CHEMBL1259 5 0.054586 4.945414 
CHEMBL512351 5 0.055626 4.944375 
CHEMBL3301599 5 0.056175 4.943825 
CHEMBL2364638 5 0.056468 4.943533 
CHEMBL3545420 5 0.056614 4.943386 
CHEMBL3989921 5 0.0577 4.9423 
CHEMBL4292264 5 0.05794 4.94206 
CHEMBL2104962 5 0.058574 4.941426 
CHEMBL3121849 5 0.059019 4.940981 
CHEMBL2110666 5 0.060685 4.939315 
CHEMBL2058833 5 0.060984 4.939016 
CHEMBL1090479 5 0.062714 4.937286 
CHEMBL3545312 5 0.063972 4.936028 
CHEMBL2107751 5 0.064753 4.935247 
CHEMBL2323775 5 0.065305 4.934695 
CHEMBL1983268 5 0.066496 4.933504 
CHEMBL278315 5 0.066637 4.933363 
CHEMBL383824 5 0.068098 4.931902 
CHEMBL2105708 5 0.0686 4.9314 
CHEMBL374478 5 0.070009 4.929991 
CHEMBL3963485 5 0.070183 4.929817 
CHEMBL3920982 5 0.070226 4.929774 
CHEMBL3545340 5 0.070247 4.929754 
CHEMBL1938400 5 0.070864 4.929136 
CHEMBL4217292 5 0.071377 4.928623 
CHEMBL1422 5 0.07146 4.92854 
CHEMBL2303613 5 0.072742 4.927258 
CHEMBL178654 5 0.073409 4.926591 
CHEMBL2170582 5 0.07359 4.92641 
CHEMBL2105630 5 0.074997 4.925002 
CHEMBL4297315 5 0.075048 4.924952 
CHEMBL219586 5 0.075142 4.924857 
CHEMBL1967878 5 0.076079 4.923921 
CHEMBL4297482 5 0.076115 4.923885 
CHEMBL1214827 5 0.076333 4.923667 
CHEMBL490029 5 0.076919 4.923081 
CHEMBL3137317 5 0.077567 4.922433 
CHEMBL1171837 5 0.077868 4.922131 
CHEMBL450449 5 0.078561 4.921439 
CHEMBL457748 5 0.081446 4.918554 
CHEMBL3793226 5 0.082251 4.917748 
CHEMBL107 5 0.083484 4.916516 
CHEMBL4297475 5 0.084182 4.915818 
CHEMBL1201174 5 0.084553 4.915447 
CHEMBL3639788 5 0.085725 4.914275 
CHEMBL4297676 5 0.085982 4.914018 
CHEMBL4297302 5 0.087029 4.912971 
CHEMBL2031465 5 0.087079 4.912921 
CHEMBL20 5 0.088897 4.911105 
CHEMBL3182621 5 0.089583 4.910417 
CHEMBL2364611 5 0.089905 4.910094 
CHEMBL2095224 5 0.090484 4.909516 
CHEMBL338975 5 0.091045 4.908955 
CHEMBL457547 5 0.091096 4.908904 
CHEMBL1421 5 0.092034 4.907966 
CHEMBL3580737 5 0.092162 4.907838 
CHEMBL2107832 5 0.092562 4.907438 
CHEMBL297812 5 0.093297 4.906703 
CHEMBL265502 5 0.093918 4.906082 
CHEMBL1276678 5 0.094631 4.905369 
CHEMBL2146086 5 0.094666 4.905334 
CHEMBL428690 5 0.094859 4.905141 
CHEMBL1237070 5 0.095007 4.904993 
CHEMBL2105737 5 0.095418 4.904582 
CHEMBL4297467 5 0.095509 4.904491 
CHEMBL2079588 5 0.09808 4.901921 
CHEMBL587723 5 0.09957 4.90043 
CHEMBL595573 5 0.100321 4.899679 
CHEMBL2105891 5 0.101562 4.898438 
CHEMBL1289926 5 0.102415 4.897585 
CHEMBL94 5 0.102993 4.897006 
CHEMBL503 5 0.103153 4.896847 
CHEMBL35228 5 0.103475 4.896525 
CHEMBL3989931 5 0.103577 4.896423 
CHEMBL1236924 5 0.105467 4.894533 
CHEMBL1615025 5 0.106866 4.893134 
CHEMBL4297601 5 0.107579 4.89242 
CHEMBL3545062 5 0.108318 4.891683 
CHEMBL3545042 5 0.109092 4.890908 
CHEMBL2105728 5 0.109618 4.890382 
CHEMBL1939499 5 0.110963 4.889037 
CHEMBL3828074 5 0.111897 4.888102 
CHEMBL3989969 5 0.115098 4.884902 
CHEMBL2105698 5 0.115562 4.884438 
CHEMBL4297542 5 0.116372 4.883628 
CHEMBL3184679 5 0.117855 4.882145 
CHEMBL206834 5 0.120329 4.879671 
CHEMBL4297261 5 0.122239 4.877761 
CHEMBL1201281 5 0.126395 4.873605 
CHEMBL3989908 5 0.127269 4.872731 
CHEMBL304087 5 0.12809 4.87191 
CHEMBL3975308 5 0.12874 4.87126 
CHEMBL603 5 0.129868 4.870132 
CHEMBL1144 5 0.132295 4.867705 
CHEMBL1082407 5 0.132306 4.867694 
CHEMBL4204794 5 0.133677 4.866323 
CHEMBL1200729 5 0.133915 4.866085 
CHEMBL4297088 5 0.136969 4.863031 
CHEMBL3265032 5 0.140227 4.859773 
CHEMBL3545076 5 0.142439 4.857562 
CHEMBL4297183 5 0.142661 4.857339 
CHEMBL44426 5 0.150559 4.849441 
CHEMBL545315 5 0.150991 4.849009 
CHEMBL1477 5 0.151157 4.848843 
CHEMBL2105131 5 0.153231 4.846769 
CHEMBL3544932 5 0.159403 4.840597 
CHEMBL41355 5 0.160961 4.839039 
CHEMBL1213492 5 0.16102 4.83898 
CHEMBL3707312 5 0.161942 4.838058 
CHEMBL3545166 5 0.161943 4.838057 
CHEMBL38827 5 0.162723 4.837277 
CHEMBL225411 5 0.16448 4.83552 
CHEMBL4071161 5 0.164512 4.835488 
CHEMBL31965 5 0.164582 4.835418 
CHEMBL3623004 5 0.165241 4.834759 
CHEMBL435 5 0.165693 4.834306 
CHEMBL4297367 5 0.165841 4.834159 
CHEMBL1484251 5 0.168357 4.831643 
CHEMBL1079742 5 0.169594 4.830406 
CHEMBL4205422 5 0.172181 4.827819 
CHEMBL3545369 5 0.173912 4.826088 
CHEMBL322241 5 0.174847 4.825153 
CHEMBL1184904 5 0.174872 4.825128 
CHEMBL2354444 5 0.176256 4.823744 
CHEMBL1289601 5 0.176816 4.823184 
CHEMBL1200507 5 0.178189 4.821811 
CHEMBL4297323 5 0.178289 4.821711 
CHEMBL377559 5 0.178692 4.821307 
CHEMBL152067 5 0.181462 4.818537 
CHEMBL4297629 5 0.182536 4.817464 
CHEMBL2107823 5 0.183958 4.816041 
CHEMBL1200628 5 0.184905 4.815095 
CHEMBL2403318 5 0.185843 4.814157 
CHEMBL553 5 0.187086 4.812914 
CHEMBL2181753 5 0.187489 4.812511 
CHEMBL3338194 5 0.187764 4.812236 
CHEMBL105442 5 0.188203 4.811797 
CHEMBL254316 5 0.188547 4.811453 
CHEMBL482968 5 0.190394 4.809606 
CHEMBL1481 5 0.192851 4.807149 
CHEMBL506981 5 0.194131 4.805869 
CHEMBL790 5 0.19681 4.80319 
CHEMBL501849 5 0.197929 4.802071 
CHEMBL267431 5 0.201537 4.798463 
CHEMBL4297657 5 0.201759 4.798241 
CHEMBL3137318 5 0.202474 4.797526 
CHEMBL4297668 5 0.202663 4.797337 
CHEMBL572878 5 0.202898 4.797102 
CHEMBL255044 5 0.203504 4.796496 
CHEMBL46618 5 0.203666 4.796334 
CHEMBL1672635 5 0.204266 4.795734 
CHEMBL3545274 5 0.205593 4.794408 
CHEMBL3948730 5 0.209907 4.790093 
CHEMBL3989887 5 0.209924 4.790076 
CHEMBL1095777 5 0.210738 4.789262 
CHEMBL1171829 5 0.211248 4.788752 
CHEMBL1789842 5 0.212867 4.787133 
CHEMBL3989869 5 0.213862 4.786138 
CHEMBL2105704 5 0.216289 4.783711 
CHEMBL3137315 5 0.216931 4.783069 
CHEMBL2105712 5 0.217659 4.78234 
CHEMBL3137320 5 0.217766 4.782234 
CHEMBL1236962 5 0.218293 4.781707 
CHEMBL2177913 5 0.220606 4.779394 
CHEMBL3622820 5 0.222677 4.777323 
CHEMBL2218894 5 0.22282 4.77718 
CHEMBL1064 5 0.222893 4.777107 
CHEMBL2142592 5 0.223121 4.776878 
CHEMBL1741078 5 0.224237 4.775763 
CHEMBL3319236 5 0.225481 4.774518 
CHEMBL4291143 5 0.229266 4.770734 
CHEMBL564829 5 0.23098 4.76902 
CHEMBL1230609 5 0.232802 4.767198 
CHEMBL103667 5 0.233259 4.766741 
CHEMBL262777 5 0.234374 4.765626 
CHEMBL3545308 5 0.240025 4.759975 
CHEMBL2447908 5 0.241702 4.758298 
CHEMBL398891 5 0.244353 4.755647 
CHEMBL4297636 5 0.246593 4.753407 
CHEMBL2105759 5 0.247968 4.752032 
CHEMBL488436 5 0.250219 4.74978 
CHEMBL1276308 5 0.253155 4.746844 
CHEMBL2263632 5 0.254094 4.745905 
CHEMBL3545396 5 0.257055 4.742945 
CHEMBL1543 5 0.261195 4.738805 
CHEMBL269732 5 0.261684 4.738316 
CHEMBL4297507 5 0.267571 4.732429 
CHEMBL3989926 5 0.267702 4.732298 
CHEMBL4297664 5 0.269094 4.730906 
CHEMBL2107772 5 0.270191 4.729809 
CHEMBL539666 5 0.270288 4.729712 
CHEMBL2035187 5 0.271701 4.728299 
CHEMBL2017974 5 0.273185 4.726815 
CHEMBL3643413 5 0.27449 4.72551 
CHEMBL4297067 5 0.274801 4.725199 
CHEMBL508360 5 0.275227 4.724773 
CHEMBL2107340 5 0.276724 4.723276 
CHEMBL46740 5 0.279548 4.720452 
CHEMBL1173655 5 0.280613 4.719387 
CHEMBL2105680 5 0.282175 4.717826 
CHEMBL1652442 5 0.286171 4.713829 
CHEMBL1944698 5 0.286217 4.713783 
CHEMBL4297633 5 0.287008 4.712992 
CHEMBL2220486 5 0.287368 4.712632 
CHEMBL303933 5 0.290003 4.709997 
CHEMBL2104404 5 0.292141 4.707859 
CHEMBL444633 5 0.293745 4.706255 
CHEMBL277100 5 0.295272 4.704727 
CHEMBL2105857 5 0.297189 4.702811 
CHEMBL4297647 5 0.299457 4.700542 
CHEMBL3989909 5 0.299622 4.700378 
CHEMBL2106615 5 0.30071 4.69929 
CHEMBL514270 5 0.301109 4.698891 
CHEMBL729 5 0.302803 4.697197 
CHEMBL3545085 5 0.303261 4.696739 
CHEMBL2103875 5 0.304126 4.695874 
CHEMBL1980297 5 0.307225 4.692775 
CHEMBL269259 5 0.309497 4.690503 
CHEMBL1200607 5 0.309887 4.690113 
CHEMBL2105741 5 0.309963 4.690038 
CHEMBL2105834 5 0.311073 4.688927 
CHEMBL1667969 5 0.313149 4.686851 
CHEMBL1673159 5 0.314942 4.685057 
CHEMBL447955 5 0.315039 4.684961 
CHEMBL413 5 0.315745 4.684255 
CHEMBL437765 5 0.3159 4.6841 
CHEMBL2107787 5 0.316475 4.683525 
CHEMBL3348923 5 0.318721 4.681279 
CHEMBL2325741 5 0.318747 4.681253 
CHEMBL2110727 5 0.320207 4.679793 
CHEMBL2105686 5 0.32095 4.67905 
CHEMBL3085504 5 0.322338 4.677662 
CHEMBL4297615 5 0.323095 4.676904 
CHEMBL1200555 5 0.328289 4.671711 
CHEMBL3663929 5 0.32912 4.67088 
CHEMBL592435 5 0.330526 4.669475 
CHEMBL4085457 5 0.335129 4.664871 
CHEMBL107367 5 0.337102 4.662898 
CHEMBL3707350 5 0.337918 4.662082 
CHEMBL1614702 5 0.338644 4.661356 
CHEMBL403664 5 0.341135 4.658865 
CHEMBL231779 5 0.341269 4.658731 
CHEMBL1200393 5 0.341626 4.658373 
CHEMBL3402762 5 0.341633 4.658367 
CHEMBL257662 5 0.34232 4.65768 
CHEMBL1680 5 0.344606 4.655394 
CHEMBL2107495 5 0.348956 4.651044 
CHEMBL2107212 5 0.349423 4.650577 
CHEMBL4297181 5 0.349555 4.650445 
CHEMBL3039498 5 0.353892 4.646109 
CHEMBL4297498 5 0.355564 4.644436 
CHEMBL435883 5 0.356623 4.643378 
CHEMBL126648 5 0.361498 4.638502 
CHEMBL1200951 5 0.363572 4.636428 
CHEMBL4297645 5 0.36838 4.63162 
CHEMBL1200480 5 0.370445 4.629555 
CHEMBL3407547 5 0.372038 4.627962 
CHEMBL3187683 5 0.372671 4.627329 
CHEMBL3334567 5 0.375643 4.624357 
CHEMBL3544911 5 0.376689 4.623311 
CHEMBL2087361 5 0.380052 4.619948 
CHEMBL787 5 0.382429 4.617571 
CHEMBL4297187 5 0.383464 4.616537 
CHEMBL521851 5 0.3842 4.6158 
CHEMBL82301 5 0.389214 4.610786 
CHEMBL1207745 5 0.390885 4.609115 
CHEMBL583 5 0.394955 4.605045 
CHEMBL4297589 5 0.396466 4.603534 
CHEMBL346631 5 0.396843 4.603157 
CHEMBL3545341 5 0.396959 4.603041 
CHEMBL2107384 5 0.404677 4.595323 
CHEMBL3301606 5 0.404789 4.59521 
CHEMBL1922094 5 0.407368 4.592632 
CHEMBL3301607 5 0.409492 4.590508 
CHEMBL3137314 5 0.409862 4.590138 
CHEMBL3360203 5 0.409879 4.590121 
CHEMBL3707348 5 0.413219 4.586781 
CHEMBL1615807 5 0.413544 4.586456 
CHEMBL1200686 5 0.414039 4.585961 
CHEMBL3545163 5 0.418824 4.581176 
CHEMBL338604 5 0.419092 4.580908 
CHEMBL289228 5 0.419877 4.580123 
CHEMBL1950651 5 0.421431 4.578569 
CHEMBL2105684 5 0.421783 4.578217 
CHEMBL1200681 5 0.425617 4.574383 
CHEMBL2103791 5 0.426922 4.573078 
CHEMBL4297530 5 0.427052 4.572948 
CHEMBL3707372 5 0.432446 4.567554 
CHEMBL551813 5 0.436294 4.563706 
CHEMBL1084546 5 0.436608 4.563392 
CHEMBL402548 5 0.436654 4.563346 
CHEMBL1911274 5 0.437614 4.562386 
CHEMBL4297480 5 0.441224 4.558776 
CHEMBL1275839 5 0.444337 4.555663 
CHEMBL3219124 5 0.444438 4.555562 
CHEMBL1201752 5 0.444645 4.555355 
CHEMBL3787344 5 0.451666 4.548334 
CHEMBL436774 5 0.45724 4.54276 
CHEMBL4297416 5 0.457242 4.542758 
CHEMBL1231160 5 0.460068 4.539932 
CHEMBL203665 5 0.460274 4.539726 
CHEMBL1230165 5 0.460843 4.539157 
CHEMBL3039503 5 0.463612 4.536388 
CHEMBL515387 5 0.463791 4.536209 
CHEMBL1200527 5 0.463854 4.536146 
CHEMBL2103828 5 0.466402 4.533598 
CHEMBL1908360 5 0.478174 4.521826 
CHEMBL3545337 5 0.478567 4.521433 
CHEMBL236593 5 0.479035 4.520965 
CHEMBL1616008 5 0.48036 4.51964 
CHEMBL1200641 5 0.480417 4.519583 
CHEMBL562668 5 0.480804 4.519195 
CHEMBL1200647 5 0.481621 4.518379 
CHEMBL1614701 5 0.484294 4.515706 
CHEMBL2364608 5 0.485654 4.514346 
CHEMBL1201248 5 0.485935 4.514065 
CHEMBL2392545 5 0.488988 4.511012 
CHEMBL2364614 5 0.490458 4.509542 
CHEMBL4297289 5 0.49312 4.50688 
CHEMBL4297487 5 0.495481 4.504519 
CHEMBL3545414 5 0.496117 4.503882 
CHEMBL1733174 5 0.500076 4.499924 
CHEMBL1360 5 0.500417 4.499583 
CHEMBL3304244 5 0.5041 4.4959 
CHEMBL4283683 5 0.504276 4.495725 
CHEMBL3186534 5 0.508137 4.491863 
CHEMBL2219422 5 0.511022 4.488978 
CHEMBL1951914 5 0.511286 4.488714 
CHEMBL2218878 5 0.512266 4.487734 
CHEMBL1963502 5 0.514865 4.485135 
CHEMBL1642 5 0.51628 4.48372 
CHEMBL451887 5 0.5186 4.4814 
CHEMBL298817 5 0.519738 4.480262 
CHEMBL3989914 5 0.523625 4.476375 
CHEMBL941 5 0.528204 4.471796 
CHEMBL2103743 5 0.530823 4.469177 
CHEMBL1254709 5 0.532609 4.467391 
CHEMBL2105656 5 0.532835 4.467165 
CHEMBL551064 5 0.535556 4.464444 
CHEMBL1910936 5 0.537102 4.462898 
CHEMBL690 5 0.537961 4.462039 
CHEMBL1198855 5 0.544779 4.455221 
CHEMBL1512580 5 0.550283 4.449717 
CHEMBL119 5 0.550311 4.449689 
CHEMBL593 5 0.551385 4.448615 
CHEMBL60889 5 0.563758 4.436242 
CHEMBL70663 5 0.563812 4.436188 
CHEMBL499808 5 0.567097 4.432903 
CHEMBL16498 5 0.570382 4.429618 
CHEMBL221959 5 0.583866 4.416134 
CHEMBL1237099 5 0.58442 4.41558 
CHEMBL1938870 5 0.584496 4.415504 
CHEMBL3644587 5 0.585694 4.414306 
CHEMBL3545363 5 0.587257 4.412743 
CHEMBL609583 5 0.589786 4.410214 
CHEMBL1237123 5 0.597611 4.402389 
CHEMBL495727 5 0.600371 4.399629 
CHEMBL4297142 5 0.600606 4.399394 
CHEMBL1921847 5 0.600854 4.399146 
CHEMBL4084907 5 0.618041 4.381959 
CHEMBL173929 5 0.629808 4.37019 
CHEMBL4297373 5 0.631614 4.368386 
CHEMBL567303 5 0.632161 4.367839 
CHEMBL1908351 5 0.635037 4.364963 
CHEMBL878 5 0.640364 4.359636 
CHEMBL1162 5 0.64503 4.354969 
CHEMBL1908305 5 0.650463 4.349536 
CHEMBL4112930 5 0.651881 4.348119 
CHEMBL298734 5 0.665641 4.334359 
CHEMBL1257051 5 0.666227 4.333773 
CHEMBL3545413 5 0.669127 4.330873 
CHEMBL608533 5 0.676128 4.323872 
CHEMBL3545307 5 0.690791 4.309209 
CHEMBL4297278 5 0.703922 4.296078 
CHEMBL2062154 5 0.709685 4.290315 
CHEMBL3039583 5 0.718286 4.281714 
CHEMBL1200624 5 0.727938 4.272062 
CHEMBL1697845 5 0.731836 4.268164 
CHEMBL1201304 5 0.733763 4.266237 
CHEMBL1560 5 0.73754 4.26246 
CHEMBL3039588 5 0.737745 4.262255 
CHEMBL4297481 5 0.741316 4.258684 
CHEMBL4297188 5 0.744715 4.255285 
CHEMBL496102 5 0.747119 4.252881 
CHEMBL258805 5 0.747494 4.252506 
CHEMBL2107455 5 0.758089 4.241911 
CHEMBL279260 5 0.75838 4.24162 
CHEMBL4297436 5 0.758569 4.241431 
CHEMBL1200779 5 0.767196 4.232804 
CHEMBL3545188 5 0.768305 4.231695 
CHEMBL3260567 5 0.784136 4.215864 
CHEMBL2107214 5 0.791059 4.20894 
CHEMBL408350 5 0.79387 4.20613 
CHEMBL428 5 0.796851 4.203149 
CHEMBL3301600 5 0.798738 4.201262 
CHEMBL3301625 5 0.818671 4.181329 
CHEMBL148674 5 0.820868 4.179132 
CHEMBL1496 5 0.823535 4.176465 
CHEMBL4297602 5 0.834941 4.165059 
CHEMBL2105618 5 0.842807 4.157193 
CHEMBL107874 5 0.844713 4.155287 
CHEMBL2103839 5 0.853033 4.146967 
CHEMBL343448 5 0.866954 4.133046 
CHEMBL3545403 5 0.880556 4.119444 
CHEMBL41194 5 0.893239 4.106761 
CHEMBL396778 5 0.897441 4.102559 
CHEMBL4297329 5 0.899052 4.100948 
CHEMBL225071 5 0.917894 4.082106 
CHEMBL490665 5 0.940202 4.059798 
CHEMBL3092650 5 0.94299 4.057011 
CHEMBL91397 5 0.943031 4.05697 
CHEMBL1161 5 0.944745 4.055255 
CHEMBL92 5 0.980614 4.019386 
CHEMBL2110732 5 0.987265 4.012735 
CHEMBL1267 5 0.989713 4.010287 
CHEMBL1879463 5 0.991359 4.008641 
CHEMBL48582 5 1.000284 3.999716 
CHEMBL3939295 5 1.008576 3.991424 
CHEMBL1255800 5 1.035192 3.964808 
CHEMBL3545252 5 1.065416 3.934584 
CHEMBL3989409 5 1.099405 3.900595 
CHEMBL1677 5 1.115902 3.884098 
CHEMBL3039522 5 1.124882 3.875118 
CHEMBL3989801 5 1.152628 3.847372 
CHEMBL1908391 5 1.164068 3.835932 
CHEMBL226267 5 1.20188 3.79812 
CHEMBL3545185 5 1.204291 3.795709 
CHEMBL2105949 5 1.310167 3.689833 
CHEMBL4297541 5 1.36224 3.63776 
CHEMBL4297396 5 1.405139 3.594861 
CHEMBL279433 5 1.527014 3.472986 
