CHEMBL18 5 0.000259 4.999741 
CHEMBL19 5 0.000357 4.999642 
CHEMBL200102 5 0.000504 4.999496 
CHEMBL3916243 5 0.000717 4.999283 
CHEMBL334830 5 0.000752 4.999248 
CHEMBL1201161 5 0.001049 4.998951 
CHEMBL3301612 5 0.001085 4.998915 
CHEMBL252164 5 0.001441 4.998559 
CHEMBL1201740 5 0.001512 4.998488 
CHEMBL3661115 5 0.001519 4.998481 
CHEMBL1201187 5 0.00152 4.998481 
CHEMBL3989948 5 0.00155 4.99845 
CHEMBL1200563 5 0.001552 4.998448 
CHEMBL419 5 0.0016 4.9984 
CHEMBL1801204 5 0.001653 4.998347 
CHEMBL4204869 5 0.001656 4.998344 
CHEMBL1200980 5 0.001878 4.998122 
CHEMBL3545378 5 0.001956 4.998044 
CHEMBL4297524 5 0.002052 4.997948 
CHEMBL2105762 5 0.002081 4.997919 
CHEMBL2336325 5 0.002099 4.997901 
CHEMBL4297458 5 0.002111 4.997889 
CHEMBL494753 5 0.002151 4.99785 
CHEMBL1230122 5 0.00217 4.99783 
CHEMBL1088752 5 0.002299 4.997701 
CHEMBL3092562 5 0.002307 4.997693 
CHEMBL119385 5 0.002427 4.997573 
CHEMBL4297470 5 0.002725 4.997275 
CHEMBL206815 5 0.002841 4.997159 
CHEMBL1236682 5 0.002869 4.997131 
CHEMBL601719 5 0.002873 4.997127 
CHEMBL1088750 5 0.003006 4.996994 
CHEMBL2381408 5 0.003097 4.996903 
CHEMBL3939284 5 0.00327 4.99673 
CHEMBL1766582 5 0.003307 4.996693 
CHEMBL4297383 5 0.003322 4.996678 
CHEMBL3991065 5 0.003324 4.996676 
CHEMBL198362 5 0.003497 4.996503 
CHEMBL591118 5 0.003572 4.996428 
CHEMBL1780010 5 0.003742 4.996258 
CHEMBL4297649 5 0.003762 4.996238 
CHEMBL4297613 5 0.003957 4.996043 
CHEMBL2402737 5 0.003959 4.99604 
CHEMBL1208829 5 0.004324 4.995676 
CHEMBL288441 5 0.004472 4.995528 
CHEMBL1213165 5 0.004491 4.995509 
CHEMBL2386346 5 0.004643 4.995357 
CHEMBL1614766 5 0.004649 4.995351 
CHEMBL1229211 5 0.004821 4.995179 
CHEMBL579217 5 0.00491 4.99509 
CHEMBL1090089 5 0.005187 4.994815 
CHEMBL1779710 5 0.005246 4.994754 
CHEMBL2218893 5 0.005273 4.994727 
CHEMBL190333 5 0.00535 4.99465 
CHEMBL2364607 5 0.005355 4.994646 
CHEMBL75094 5 0.00541 4.99459 
CHEMBL377300 5 0.005536 4.994462 
CHEMBL3545264 5 0.005817 4.994183 
CHEMBL4208229 5 0.006134 4.993866 
CHEMBL3301616 5 0.00614 4.99386 
CHEMBL3544964 5 0.00624 4.99376 
CHEMBL1232461 5 0.006415 4.993585 
CHEMBL3402567 5 0.00659 4.99341 
CHEMBL2146883 5 0.006626 4.993374 
CHEMBL217092 5 0.00688 4.99312 
CHEMBL3989867 5 0.006971 4.993029 
CHEMBL3581647 5 0.007006 4.992994 
CHEMBL2010872 5 0.007021 4.992979 
CHEMBL3301608 5 0.007122 4.992878 
CHEMBL220491 5 0.007271 4.992729 
CHEMBL21 5 0.007391 4.992609 
CHEMBL1182714 5 0.007567 4.992433 
CHEMBL514201 5 0.008121 4.991879 
CHEMBL3904602 5 0.00827 4.99173 
CHEMBL223228 5 0.008322 4.991678 
CHEMBL584 5 0.008426 4.991574 
CHEMBL3681949 5 0.008528 4.991472 
CHEMBL197194 5 0.008596 4.991405 
CHEMBL1951575 5 0.008607 4.991394 
CHEMBL4300154 5 0.00874 4.99126 
CHEMBL2333941 5 0.008747 4.991253 
CHEMBL255863 5 0.008762 4.991238 
CHEMBL1205 5 0.008766 4.991235 
CHEMBL3301601 5 0.008834 4.991166 
CHEMBL518520 5 0.009096 4.990904 
CHEMBL4297465 5 0.009214 4.990786 
CHEMBL603469 5 0.009261 4.99074 
CHEMBL3137330 5 0.009377 4.990623 
CHEMBL2103838 5 0.009396 4.990604 
CHEMBL3987016 5 0.009992 4.990008 
CHEMBL1189025 5 0.010152 4.989848 
CHEMBL237500 5 0.010293 4.989707 
CHEMBL4212531 5 0.010493 4.989507 
CHEMBL1645462 5 0.01052 4.98948 
CHEMBL1079593 5 0.010794 4.989206 
CHEMBL3982690 5 0.01103 4.98897 
CHEMBL1258517 5 0.011187 4.988813 
CHEMBL3125702 5 0.01131 4.98869 
CHEMBL4297454 5 0.011666 4.988334 
CHEMBL296468 5 0.012104 4.987896 
CHEMBL2403238 5 0.012172 4.987827 
CHEMBL2043025 5 0.012247 4.987753 
CHEMBL3287218 5 0.012647 4.987353 
CHEMBL1487 5 0.01275 4.98725 
CHEMBL1660 5 0.012809 4.987191 
CHEMBL1200678 5 0.012926 4.987074 
CHEMBL3911164 5 0.012972 4.987028 
CHEMBL3989868 5 0.013107 4.986893 
CHEMBL115 5 0.013138 4.986862 
CHEMBL4297600 5 0.013251 4.986749 
CHEMBL2105754 5 0.013468 4.986532 
CHEMBL305666 5 0.013473 4.986527 
CHEMBL1200866 5 0.013671 4.986329 
CHEMBL2111083 5 0.013748 4.986251 
CHEMBL2331680 5 0.013761 4.986239 
CHEMBL2396989 5 0.014088 4.985912 
CHEMBL197672 5 0.01431 4.98569 
CHEMBL2386889 5 0.014571 4.985429 
CHEMBL4297477 5 0.014578 4.985422 
CHEMBL1735 5 0.014685 4.985315 
CHEMBL3301610 5 0.014783 4.985217 
CHEMBL1095032 5 0.014889 4.985111 
CHEMBL4297505 5 0.014909 4.985091 
CHEMBL1738757 5 0.015079 4.984921 
CHEMBL1650443 5 0.015329 4.984671 
CHEMBL2205230 5 0.015329 4.984671 
CHEMBL521686 5 0.015671 4.984329 
CHEMBL3989516 5 0.015729 4.984271 
CHEMBL4297189 5 0.016059 4.983941 
CHEMBL1201179 5 0.01607 4.98393 
CHEMBL1091644 5 0.016083 4.983917 
CHEMBL554 5 0.016579 4.983421 
CHEMBL440498 5 0.016662 4.983338 
CHEMBL2218919 5 0.01798 4.98202 
CHEMBL3989514 5 0.018145 4.981855 
CHEMBL1688529 5 0.018166 4.981834 
CHEMBL3989759 5 0.018579 4.981421 
CHEMBL1200707 5 0.018704 4.981296 
CHEMBL2041933 5 0.018739 4.981261 
CHEMBL3545215 5 0.018755 4.981245 
CHEMBL1195136 5 0.019291 4.980709 
CHEMBL3695568 5 0.01938 4.98062 
CHEMBL220050 5 0.01956 4.98044 
CHEMBL494089 5 0.020124 4.979877 
CHEMBL3707248 5 0.020343 4.979657 
CHEMBL393220 5 0.020915 4.979086 
CHEMBL160 5 0.021155 4.978845 
CHEMBL1651956 5 0.021282 4.978719 
CHEMBL2105638 5 0.021379 4.978621 
CHEMBL1163 5 0.021878 4.978122 
CHEMBL3039520 5 0.022169 4.977831 
CHEMBL4297324 5 0.022169 4.977831 
CHEMBL4297526 5 0.022482 4.977518 
CHEMBL1614650 5 0.022558 4.977442 
CHEMBL3301622 5 0.023043 4.976957 
CHEMBL607707 5 0.023112 4.976888 
CHEMBL1688243 5 0.023132 4.976868 
CHEMBL3989461 5 0.023499 4.976501 
CHEMBL3183409 5 0.023983 4.976017 
CHEMBL2387080 5 0.024063 4.975937 
CHEMBL2107777 5 0.024238 4.975762 
CHEMBL4093031 5 0.02438 4.97562 
CHEMBL570015 5 0.024583 4.975417 
CHEMBL575448 5 0.025251 4.974749 
CHEMBL3113734 5 0.025334 4.974665 
CHEMBL481 5 0.025763 4.974237 
CHEMBL1801250 5 0.026492 4.973508 
CHEMBL3622821 5 0.026585 4.973415 
CHEMBL2359093 5 0.026768 4.973232 
CHEMBL2105637 5 0.026976 4.973024 
CHEMBL1088751 5 0.02757 4.97243 
CHEMBL1208422 5 0.027787 4.972213 
CHEMBL2347655 5 0.02811 4.97189 
CHEMBL1873475 5 0.028319 4.971681 
CHEMBL4065122 5 0.028412 4.971588 
CHEMBL2364639 5 0.02847 4.97153 
CHEMBL3301603 5 0.028674 4.971326 
CHEMBL2107831 5 0.02882 4.97118 
CHEMBL1201250 5 0.029102 4.970898 
CHEMBL3137308 5 0.029157 4.970843 
CHEMBL2403108 5 0.029368 4.970632 
CHEMBL1086218 5 0.029646 4.970354 
CHEMBL2103840 5 0.029646 4.970354 
CHEMBL1922235 5 0.029795 4.970205 
CHEMBL82202 5 0.030168 4.969832 
CHEMBL1829174 5 0.032158 4.967842 
CHEMBL1952329 5 0.032765 4.967235 
CHEMBL598797 5 0.032848 4.967152 
CHEMBL24828 5 0.03321 4.96679 
CHEMBL1269597 5 0.033306 4.966695 
CHEMBL592445 5 0.033645 4.966355 
CHEMBL1082723 5 0.034424 4.965576 
CHEMBL109480 5 0.034779 4.965221 
CHEMBL3894860 5 0.035026 4.964974 
CHEMBL1688530 5 0.035131 4.964869 
CHEMBL3181870 5 0.035153 4.964848 
CHEMBL1587 5 0.035384 4.964616 
CHEMBL203567 5 0.035415 4.964585 
CHEMBL4297597 5 0.035483 4.964517 
CHEMBL1200692 5 0.03563 4.96437 
CHEMBL3414621 5 0.036036 4.963964 
CHEMBL3989766 5 0.036724 4.963276 
CHEMBL4297374 5 0.036985 4.963015 
CHEMBL3359265 5 0.037052 4.962948 
CHEMBL1554 5 0.037202 4.962798 
CHEMBL3261331 5 0.037579 4.962421 
CHEMBL4297063 5 0.037822 4.962178 
CHEMBL4297377 5 0.03788 4.96212 
CHEMBL507361 5 0.038148 4.961852 
CHEMBL522892 5 0.038554 4.961446 
CHEMBL3707269 5 0.038749 4.961251 
CHEMBL3707235 5 0.039309 4.960691 
CHEMBL200177 5 0.040973 4.959027 
CHEMBL500853 5 0.041258 4.958742 
CHEMBL3989866 5 0.0415 4.9585 
CHEMBL850 5 0.042803 4.957197 
CHEMBL3137313 5 0.042875 4.957125 
CHEMBL545437 5 0.043024 4.956976 
CHEMBL2012520 5 0.043269 4.956731 
CHEMBL3989968 5 0.043397 4.956603 
CHEMBL482967 5 0.043753 4.956247 
CHEMBL4292264 5 0.044779 4.955221 
CHEMBL219410 5 0.045357 4.954643 
CHEMBL3287379 5 0.045412 4.954588 
CHEMBL512351 5 0.045425 4.954575 
CHEMBL363648 5 0.045703 4.954297 
CHEMBL2103858 5 0.046109 4.953891 
CHEMBL1193948 5 0.048322 4.951678 
CHEMBL513909 5 0.048374 4.951626 
CHEMBL3039513 5 0.048513 4.951487 
CHEMBL2013174 5 0.048712 4.951287 
CHEMBL1171837 5 0.049673 4.950327 
CHEMBL3286830 5 0.049709 4.950291 
CHEMBL3121849 5 0.049921 4.950079 
CHEMBL2323775 5 0.050093 4.949907 
CHEMBL4297527 5 0.050094 4.949906 
CHEMBL4297455 5 0.05046 4.94954 
CHEMBL1090479 5 0.050541 4.949459 
CHEMBL1214827 5 0.050831 4.949169 
CHEMBL2104962 5 0.050889 4.949111 
CHEMBL4297467 5 0.051131 4.948869 
CHEMBL64391 5 0.051296 4.948704 
CHEMBL574738 5 0.051881 4.948119 
CHEMBL1739 5 0.052091 4.947909 
CHEMBL4297628 5 0.053164 4.946836 
CHEMBL1835919 5 0.053283 4.946717 
CHEMBL3545420 5 0.053381 4.946619 
CHEMBL14249 5 0.054096 4.945904 
CHEMBL2170582 5 0.054258 4.945742 
CHEMBL1259 5 0.054487 4.945513 
CHEMBL2110666 5 0.055154 4.944846 
CHEMBL1096896 5 0.055207 4.944792 
CHEMBL3301599 5 0.055412 4.944588 
CHEMBL4297315 5 0.055709 4.944291 
CHEMBL1230065 5 0.05602 4.94398 
CHEMBL278315 5 0.057505 4.942495 
CHEMBL178654 5 0.058507 4.941493 
CHEMBL3674570 5 0.058601 4.941399 
CHEMBL3920982 5 0.05927 4.94073 
CHEMBL1938400 5 0.059729 4.940271 
CHEMBL2104954 5 0.060061 4.939939 
CHEMBL3545340 5 0.061502 4.938498 
CHEMBL3545312 5 0.061663 4.938337 
CHEMBL2103842 5 0.062393 4.937607 
CHEMBL2364638 5 0.064729 4.935272 
CHEMBL4301163 5 0.064818 4.935182 
CHEMBL1233940 5 0.065787 4.934213 
CHEMBL4297478 5 0.066255 4.933745 
CHEMBL4297528 5 0.067494 4.932506 
CHEMBL450449 5 0.067806 4.932193 
CHEMBL4297423 5 0.068382 4.931618 
CHEMBL3989921 5 0.068761 4.931239 
CHEMBL297812 5 0.070294 4.929706 
CHEMBL2107751 5 0.072358 4.927641 
CHEMBL4217292 5 0.072712 4.927288 
CHEMBL3580737 5 0.072862 4.927138 
CHEMBL2058833 5 0.073286 4.926714 
CHEMBL3963485 5 0.073704 4.926296 
CHEMBL107 5 0.073942 4.926058 
CHEMBL457748 5 0.075316 4.924684 
CHEMBL2105630 5 0.076304 4.923696 
CHEMBL180022 5 0.077477 4.922523 
CHEMBL383824 5 0.077835 4.922165 
CHEMBL3793226 5 0.078162 4.921838 
CHEMBL265502 5 0.078437 4.921563 
CHEMBL1967878 5 0.079342 4.920658 
CHEMBL2303613 5 0.080252 4.919748 
CHEMBL2105708 5 0.081613 4.918387 
CHEMBL490029 5 0.082393 4.917607 
CHEMBL338975 5 0.083481 4.916519 
CHEMBL1422 5 0.085183 4.914817 
CHEMBL20 5 0.085314 4.914686 
CHEMBL1237070 5 0.086859 4.913141 
CHEMBL435 5 0.087956 4.912044 
CHEMBL1289926 5 0.088287 4.911713 
CHEMBL1201174 5 0.088552 4.911448 
CHEMBL1421 5 0.088733 4.911267 
CHEMBL219586 5 0.088848 4.911152 
CHEMBL4297302 5 0.090856 4.909144 
CHEMBL1201281 5 0.091112 4.908888 
CHEMBL4297676 5 0.092359 4.907641 
CHEMBL374478 5 0.092539 4.907461 
CHEMBL1276678 5 0.092838 4.907162 
CHEMBL1983268 5 0.094283 4.905717 
CHEMBL94 5 0.094366 4.905634 
CHEMBL3182621 5 0.094685 4.905315 
CHEMBL428690 5 0.094773 4.905227 
CHEMBL35228 5 0.094998 4.905002 
CHEMBL2079588 5 0.095932 4.904067 
CHEMBL1082407 5 0.097429 4.902571 
CHEMBL4297601 5 0.097603 4.902397 
CHEMBL603 5 0.098923 4.901078 
CHEMBL2107832 5 0.100209 4.899791 
CHEMBL3137317 5 0.101162 4.898839 
CHEMBL587723 5 0.101882 4.898118 
CHEMBL2364611 5 0.102201 4.897799 
CHEMBL3989969 5 0.104323 4.895677 
CHEMBL2031465 5 0.10444 4.89556 
CHEMBL4297261 5 0.104613 4.895387 
CHEMBL4297475 5 0.104739 4.895262 
CHEMBL1615025 5 0.105511 4.894489 
CHEMBL595573 5 0.109984 4.890016 
CHEMBL3989908 5 0.111345 4.888655 
CHEMBL4297482 5 0.113937 4.886063 
CHEMBL2105891 5 0.113957 4.886043 
CHEMBL457547 5 0.1142 4.8858 
CHEMBL2105698 5 0.114542 4.885458 
CHEMBL2105737 5 0.114846 4.885154 
CHEMBL2146086 5 0.116749 4.883251 
CHEMBL3184679 5 0.116949 4.883051 
CHEMBL4297542 5 0.117785 4.882215 
CHEMBL3828074 5 0.120712 4.879288 
CHEMBL503 5 0.122239 4.877761 
CHEMBL2105728 5 0.122861 4.877139 
CHEMBL3639788 5 0.123306 4.876694 
CHEMBL2095224 5 0.124129 4.875871 
CHEMBL31965 5 0.124809 4.875191 
CHEMBL3545062 5 0.124936 4.875064 
CHEMBL1477 5 0.12599 4.87401 
CHEMBL1939499 5 0.126079 4.873921 
CHEMBL206834 5 0.128136 4.871864 
CHEMBL3545042 5 0.130349 4.869651 
CHEMBL3989931 5 0.13347 4.86653 
CHEMBL4297323 5 0.134528 4.865472 
CHEMBL1236924 5 0.135421 4.864579 
CHEMBL44426 5 0.138016 4.861984 
CHEMBL3975308 5 0.13879 4.86121 
CHEMBL4071161 5 0.139591 4.860409 
CHEMBL152067 5 0.142958 4.857042 
CHEMBL4297367 5 0.148392 4.851608 
CHEMBL304087 5 0.149292 4.850708 
CHEMBL3545076 5 0.149647 4.850353 
CHEMBL4297183 5 0.152322 4.847678 
CHEMBL4204794 5 0.15577 4.84423 
CHEMBL4297088 5 0.159974 4.840026 
CHEMBL377559 5 0.163052 4.836947 
CHEMBL1484251 5 0.163319 4.836681 
CHEMBL3623004 5 0.163677 4.836323 
CHEMBL501849 5 0.164004 4.835996 
CHEMBL254316 5 0.16767 4.83233 
CHEMBL1200507 5 0.167706 4.832294 
CHEMBL41355 5 0.169872 4.830128 
CHEMBL790 5 0.170367 4.829633 
CHEMBL3137315 5 0.171436 4.828564 
CHEMBL1289601 5 0.172014 4.827986 
CHEMBL4297629 5 0.172309 4.827691 
CHEMBL2107823 5 0.172528 4.827472 
CHEMBL4205422 5 0.176809 4.823191 
CHEMBL1481 5 0.177417 4.822583 
CHEMBL482968 5 0.178287 4.821713 
CHEMBL3545166 5 0.17956 4.82044 
CHEMBL225411 5 0.180055 4.819944 
CHEMBL46618 5 0.181301 4.818699 
CHEMBL1213492 5 0.182004 4.817996 
CHEMBL2403318 5 0.18311 4.81689 
CHEMBL3707312 5 0.183196 4.816804 
CHEMBL553 5 0.18383 4.81617 
CHEMBL3622820 5 0.187401 4.812599 
CHEMBL545315 5 0.191368 4.808633 
CHEMBL2447908 5 0.193798 4.806202 
CHEMBL506981 5 0.194064 4.805936 
CHEMBL2181753 5 0.194211 4.805789 
CHEMBL3265032 5 0.195231 4.804769 
CHEMBL38827 5 0.196339 4.803661 
CHEMBL4297668 5 0.197959 4.80204 
CHEMBL1200729 5 0.198313 4.801687 
CHEMBL2354444 5 0.198783 4.801217 
CHEMBL3319236 5 0.199276 4.800724 
CHEMBL564829 5 0.202989 4.797011 
CHEMBL3545369 5 0.203899 4.796101 
CHEMBL262777 5 0.206343 4.793657 
CHEMBL322241 5 0.206686 4.793314 
CHEMBL572878 5 0.207333 4.792667 
CHEMBL1184904 5 0.207631 4.792369 
CHEMBL3948730 5 0.210616 4.789385 
CHEMBL514270 5 0.211998 4.788002 
CHEMBL105442 5 0.212675 4.787325 
CHEMBL2142592 5 0.214096 4.785904 
CHEMBL1144 5 0.214743 4.785257 
CHEMBL1741078 5 0.21514 4.78486 
CHEMBL508360 5 0.216284 4.783716 
CHEMBL4291143 5 0.218181 4.781819 
CHEMBL1171829 5 0.218447 4.781553 
CHEMBL3137320 5 0.220357 4.779643 
CHEMBL269732 5 0.220863 4.779137 
CHEMBL2105704 5 0.22232 4.77768 
CHEMBL1064 5 0.224438 4.775562 
CHEMBL3989869 5 0.225225 4.774775 
CHEMBL2105759 5 0.225495 4.774505 
CHEMBL4297657 5 0.226395 4.773604 
CHEMBL1789842 5 0.22651 4.77349 
CHEMBL1079742 5 0.227676 4.772325 
CHEMBL3338194 5 0.228471 4.771529 
CHEMBL255044 5 0.229691 4.770309 
CHEMBL2263632 5 0.230183 4.769817 
CHEMBL4297633 5 0.230335 4.769665 
CHEMBL3137318 5 0.231095 4.768905 
CHEMBL2105680 5 0.232809 4.767191 
CHEMBL267431 5 0.233977 4.766023 
CHEMBL2220486 5 0.234087 4.765913 
CHEMBL3545274 5 0.234337 4.765663 
CHEMBL4085457 5 0.236763 4.763237 
CHEMBL488436 5 0.237178 4.762821 
CHEMBL398891 5 0.239674 4.760326 
CHEMBL2105131 5 0.240011 4.759989 
CHEMBL2218894 5 0.242435 4.757565 
CHEMBL3544932 5 0.243953 4.756047 
CHEMBL1236962 5 0.244242 4.755758 
CHEMBL413 5 0.244495 4.755505 
CHEMBL1980297 5 0.245616 4.754384 
CHEMBL103667 5 0.24566 4.75434 
CHEMBL2107340 5 0.246005 4.753995 
CHEMBL3989887 5 0.247128 4.752872 
CHEMBL3545308 5 0.247328 4.752672 
CHEMBL1672635 5 0.248069 4.751931 
CHEMBL4297067 5 0.252742 4.747258 
CHEMBL1095777 5 0.254112 4.745888 
CHEMBL4297507 5 0.254648 4.745352 
CHEMBL1230609 5 0.254679 4.745321 
CHEMBL1173655 5 0.256052 4.743948 
CHEMBL1276308 5 0.259137 4.740863 
CHEMBL1200628 5 0.259277 4.740722 
CHEMBL3545396 5 0.260947 4.739053 
CHEMBL2105712 5 0.26298 4.73702 
CHEMBL2035187 5 0.266318 4.733682 
CHEMBL3989926 5 0.268149 4.731852 
CHEMBL1543 5 0.271885 4.728115 
CHEMBL46740 5 0.273585 4.726415 
CHEMBL2177913 5 0.275319 4.724681 
CHEMBL2103875 5 0.275322 4.724678 
CHEMBL729 5 0.282576 4.717424 
CHEMBL269259 5 0.283012 4.716988 
CHEMBL4297664 5 0.285185 4.714815 
CHEMBL403664 5 0.291461 4.708539 
CHEMBL4297636 5 0.293844 4.706156 
CHEMBL2325741 5 0.294057 4.705943 
CHEMBL2104404 5 0.29587 4.70413 
CHEMBL2110727 5 0.299232 4.700768 
CHEMBL303933 5 0.299659 4.700342 
CHEMBL2105741 5 0.300567 4.699434 
CHEMBL3085504 5 0.301166 4.698834 
CHEMBL2107772 5 0.305122 4.694878 
CHEMBL1652442 5 0.305771 4.694229 
CHEMBL2107212 5 0.306262 4.693738 
CHEMBL1200555 5 0.306483 4.693517 
CHEMBL3643413 5 0.309236 4.690763 
CHEMBL2107787 5 0.315686 4.684314 
CHEMBL4297615 5 0.316932 4.683067 
CHEMBL3663929 5 0.317017 4.682983 
CHEMBL3348923 5 0.319019 4.680981 
CHEMBL2105686 5 0.319112 4.680888 
CHEMBL539666 5 0.319126 4.680874 
CHEMBL521851 5 0.32202 4.67798 
CHEMBL3545085 5 0.323275 4.676725 
CHEMBL1680 5 0.32723 4.672769 
CHEMBL107367 5 0.32805 4.67195 
CHEMBL3989909 5 0.32849 4.67151 
CHEMBL4297413 5 0.328712 4.671288 
CHEMBL4297181 5 0.329009 4.67099 
CHEMBL592435 5 0.329168 4.670833 
CHEMBL444633 5 0.330642 4.669358 
CHEMBL3402762 5 0.33484 4.665161 
CHEMBL4297498 5 0.338463 4.661537 
CHEMBL2105857 5 0.339009 4.660991 
CHEMBL2017974 5 0.340457 4.659543 
CHEMBL1673159 5 0.341894 4.658106 
CHEMBL2106615 5 0.342411 4.657589 
CHEMBL1200480 5 0.344861 4.655139 
CHEMBL277100 5 0.344971 4.655029 
CHEMBL2107495 5 0.350119 4.649882 
CHEMBL2105834 5 0.35119 4.64881 
CHEMBL583 5 0.351476 4.648524 
CHEMBL231779 5 0.352889 4.647111 
CHEMBL1944698 5 0.354647 4.645353 
CHEMBL1200951 5 0.355266 4.644734 
CHEMBL3187683 5 0.355348 4.644652 
CHEMBL3360203 5 0.356769 4.643232 
CHEMBL3707350 5 0.357282 4.642718 
CHEMBL787 5 0.36239 4.63761 
CHEMBL1200393 5 0.368136 4.631864 
CHEMBL3787344 5 0.369148 4.630852 
CHEMBL4297647 5 0.37187 4.62813 
CHEMBL1200607 5 0.373558 4.626442 
CHEMBL1614702 5 0.373711 4.626289 
CHEMBL3137314 5 0.373861 4.626138 
CHEMBL402548 5 0.376471 4.623529 
CHEMBL437765 5 0.37717 4.62283 
CHEMBL3544911 5 0.379297 4.620703 
CHEMBL3301607 5 0.379591 4.620409 
CHEMBL3707348 5 0.380314 4.619686 
CHEMBL447955 5 0.381257 4.618743 
CHEMBL1922094 5 0.381778 4.618222 
CHEMBL1207745 5 0.383166 4.616834 
CHEMBL3039498 5 0.386164 4.613836 
CHEMBL346631 5 0.388472 4.611528 
CHEMBL3334567 5 0.394902 4.605098 
CHEMBL257662 5 0.399731 4.600269 
CHEMBL2087361 5 0.403455 4.596545 
CHEMBL1275839 5 0.404199 4.595801 
CHEMBL3301606 5 0.40548 4.59452 
CHEMBL3545163 5 0.405698 4.594302 
CHEMBL4297645 5 0.406996 4.593004 
CHEMBL1615807 5 0.408869 4.591131 
CHEMBL435883 5 0.409036 4.590965 
CHEMBL3219124 5 0.409556 4.590444 
CHEMBL3545341 5 0.410706 4.589294 
CHEMBL3407547 5 0.411214 4.588786 
CHEMBL1911274 5 0.416388 4.583612 
CHEMBL126648 5 0.417805 4.582195 
CHEMBL338604 5 0.422065 4.577935 
CHEMBL4297187 5 0.424157 4.575843 
CHEMBL4297530 5 0.424481 4.575519 
CHEMBL4297480 5 0.427526 4.572474 
CHEMBL82301 5 0.427907 4.572093 
CHEMBL1200686 5 0.430921 4.569078 
CHEMBL1950651 5 0.432147 4.567853 
CHEMBL203665 5 0.432318 4.567681 
CHEMBL1231160 5 0.432415 4.567586 
CHEMBL2105684 5 0.432775 4.567225 
CHEMBL3545337 5 0.433247 4.566753 
CHEMBL1230165 5 0.435509 4.564491 
CHEMBL1614701 5 0.437069 4.562931 
CHEMBL2107384 5 0.437131 4.562869 
CHEMBL2103791 5 0.437635 4.562365 
CHEMBL1200681 5 0.445331 4.554669 
CHEMBL562668 5 0.446503 4.553497 
CHEMBL551813 5 0.44722 4.55278 
CHEMBL3916717 5 0.448129 4.551872 
CHEMBL3707372 5 0.450188 4.549814 
CHEMBL4297589 5 0.453441 4.546559 
CHEMBL1667969 5 0.462113 4.537887 
CHEMBL289228 5 0.46531 4.53469 
CHEMBL1733174 5 0.470816 4.529184 
CHEMBL1084546 5 0.473102 4.526898 
CHEMBL515387 5 0.479021 4.520979 
CHEMBL1201248 5 0.480132 4.519868 
CHEMBL4283683 5 0.480246 4.519754 
CHEMBL436774 5 0.483149 4.516851 
CHEMBL236593 5 0.483628 4.516372 
CHEMBL221959 5 0.484048 4.515952 
CHEMBL2364614 5 0.485051 4.514949 
CHEMBL4297416 5 0.487064 4.512936 
CHEMBL2103828 5 0.490021 4.509979 
CHEMBL1200641 5 0.491243 4.508757 
CHEMBL3989914 5 0.49252 4.50748 
CHEMBL1951914 5 0.493646 4.506354 
CHEMBL2364608 5 0.502418 4.497582 
CHEMBL1642 5 0.504959 4.495041 
CHEMBL1963502 5 0.509842 4.490158 
CHEMBL1254709 5 0.511601 4.488399 
CHEMBL4297289 5 0.513326 4.486674 
CHEMBL3967849 5 0.514937 4.485063 
CHEMBL3545414 5 0.516129 4.48387 
CHEMBL3304244 5 0.51935 4.48065 
CHEMBL60889 5 0.521087 4.478913 
CHEMBL4297373 5 0.521821 4.478179 
CHEMBL1908360 5 0.522036 4.477964 
CHEMBL16498 5 0.524665 4.475335 
CHEMBL451887 5 0.531518 4.468483 
CHEMBL2105656 5 0.532884 4.467116 
CHEMBL929 5 0.53528 4.46472 
CHEMBL2218878 5 0.535577 4.464423 
CHEMBL1201752 5 0.538049 4.461951 
CHEMBL1910936 5 0.53866 4.46134 
CHEMBL1200647 5 0.539357 4.460642 
CHEMBL70663 5 0.542752 4.457248 
CHEMBL1200527 5 0.543028 4.456972 
CHEMBL1198855 5 0.546383 4.453617 
CHEMBL690 5 0.547275 4.452726 
CHEMBL1237099 5 0.548219 4.45178 
CHEMBL298817 5 0.549502 4.450498 
CHEMBL2219422 5 0.550138 4.449862 
CHEMBL2103743 5 0.551403 4.448597 
CHEMBL1512580 5 0.553702 4.446299 
CHEMBL551064 5 0.55437 4.44563 
CHEMBL4297142 5 0.555144 4.444856 
CHEMBL119 5 0.557081 4.44292 
CHEMBL1360 5 0.56711 4.43289 
CHEMBL3186534 5 0.569641 4.430359 
CHEMBL609583 5 0.57401 4.42599 
CHEMBL1257051 5 0.575804 4.424196 
CHEMBL1237123 5 0.576414 4.423586 
CHEMBL499808 5 0.578645 4.421355 
CHEMBL1616008 5 0.579133 4.420867 
CHEMBL1938870 5 0.581029 4.418971 
CHEMBL4084907 5 0.581982 4.418018 
CHEMBL1162 5 0.583066 4.416934 
CHEMBL941 5 0.585569 4.414431 
CHEMBL3644587 5 0.586222 4.413778 
CHEMBL4297469 5 0.593597 4.406403 
CHEMBL298734 5 0.601041 4.398959 
CHEMBL1908351 5 0.602159 4.397841 
CHEMBL173929 5 0.602699 4.397301 
CHEMBL608533 5 0.60912 4.39088 
CHEMBL574737 5 0.615243 4.384757 
CHEMBL3545363 5 0.622475 4.377525 
CHEMBL4297602 5 0.633231 4.366769 
CHEMBL1921847 5 0.635567 4.364432 
CHEMBL3545413 5 0.641927 4.358074 
CHEMBL4297487 5 0.643085 4.356915 
CHEMBL511115 5 0.650037 4.349963 
CHEMBL4112930 5 0.65808 4.34192 
CHEMBL567303 5 0.662951 4.337049 
CHEMBL4297278 5 0.66551 4.33449 
CHEMBL3545307 5 0.665632 4.334368 
CHEMBL495727 5 0.667909 4.332091 
CHEMBL1697845 5 0.669345 4.330655 
CHEMBL3039588 5 0.680585 4.319415 
CHEMBL2062154 5 0.682288 4.317712 
CHEMBL408350 5 0.706847 4.293153 
CHEMBL4297436 5 0.708095 4.291905 
CHEMBL1908305 5 0.709849 4.290151 
CHEMBL279260 5 0.712879 4.287121 
CHEMBL1200779 5 0.714279 4.285721 
CHEMBL258805 5 0.725279 4.274721 
CHEMBL3039583 5 0.726732 4.273268 
CHEMBL3545188 5 0.735367 4.264633 
CHEMBL2107455 5 0.737624 4.262376 
CHEMBL1560 5 0.747964 4.252036 
CHEMBL4297295 5 0.748618 4.251382 
CHEMBL878 5 0.750193 4.249807 
CHEMBL4297481 5 0.75059 4.24941 
CHEMBL4297188 5 0.772113 4.227887 
CHEMBL496102 5 0.774548 4.225452 
CHEMBL3260567 5 0.77497 4.22503 
CHEMBL1200624 5 0.77787 4.22213 
CHEMBL3301625 5 0.783617 4.216383 
CHEMBL4297269 5 0.783763 4.216237 
CHEMBL428 5 0.798179 4.201821 
CHEMBL3301600 5 0.808146 4.191854 
CHEMBL107874 5 0.828232 4.171767 
CHEMBL2103839 5 0.834536 4.165465 
CHEMBL2107214 5 0.849194 4.150806 
CHEMBL3545403 5 0.852729 4.147271 
CHEMBL343448 5 0.855508 4.144492 
CHEMBL41194 5 0.86263 4.13737 
CHEMBL1496 5 0.864247 4.135753 
CHEMBL91397 5 0.875462 4.124538 
CHEMBL3092650 5 0.905426 4.094575 
CHEMBL490665 5 0.906587 4.093413 
CHEMBL4297329 5 0.91574 4.08426 
CHEMBL1161 5 0.922967 4.077033 
CHEMBL3545252 5 0.967574 4.032426 
CHEMBL48582 5 0.973891 4.026109 
CHEMBL225071 5 1.002509 3.997491 
CHEMBL3989801 5 1.011917 3.988083 
CHEMBL1255800 5 1.025358 3.974642 
CHEMBL3989409 5 1.080114 3.919886 
CHEMBL1267 5 1.099623 3.900377 
CHEMBL92 5 1.152997 3.847003 
CHEMBL1908391 5 1.178267 3.821733 
CHEMBL3039522 5 1.214768 3.785231 
CHEMBL2105949 5 1.241677 3.758323 
CHEMBL3655081 5 1.245495 3.754505 
CHEMBL226267 5 1.309833 3.690167 
CHEMBL4297396 5 1.398715 3.601285 
CHEMBL279433 5 1.498223 3.501777 
