CHEMBL200102 5 0.000336 4.999664 
CHEMBL18 5 0.000339 4.999661 
CHEMBL334830 5 0.000585 4.999415 
CHEMBL4297458 5 0.000593 4.999407 
CHEMBL3916243 5 0.000884 4.999116 
CHEMBL19 5 0.001 4.999 
CHEMBL1801204 5 0.001111 4.998889 
CHEMBL3661115 5 0.001346 4.998654 
CHEMBL2336325 5 0.001357 4.998643 
CHEMBL3301612 5 0.00143 4.99857 
CHEMBL3989948 5 0.001809 4.998191 
CHEMBL255863 5 0.001859 4.998142 
CHEMBL252164 5 0.001952 4.998048 
CHEMBL3092562 5 0.001954 4.998046 
CHEMBL1201740 5 0.001995 4.998006 
CHEMBL4297383 5 0.002091 4.997909 
CHEMBL198362 5 0.002127 4.997873 
CHEMBL2105762 5 0.002213 4.997787 
CHEMBL1200563 5 0.002214 4.997786 
CHEMBL3581647 5 0.002218 4.997782 
CHEMBL1230122 5 0.002225 4.997775 
CHEMBL1766582 5 0.002469 4.997532 
CHEMBL579217 5 0.002513 4.997487 
CHEMBL1201187 5 0.002526 4.997473 
CHEMBL1780010 5 0.002828 4.997172 
CHEMBL4297470 5 0.002852 4.997148 
CHEMBL206815 5 0.002854 4.997147 
CHEMBL494753 5 0.002855 4.997145 
CHEMBL2381408 5 0.003151 4.996849 
CHEMBL4204869 5 0.003248 4.996752 
CHEMBL4297649 5 0.003338 4.996662 
CHEMBL1088752 5 0.00341 4.99659 
CHEMBL591118 5 0.003647 4.996353 
CHEMBL190333 5 0.003777 4.996223 
CHEMBL1236682 5 0.003865 4.996135 
CHEMBL3402567 5 0.00415 4.99585 
CHEMBL1090089 5 0.004152 4.995848 
CHEMBL3545378 5 0.004241 4.995759 
CHEMBL1200980 5 0.004473 4.995527 
CHEMBL601719 5 0.004496 4.995504 
CHEMBL288441 5 0.004508 4.995492 
CHEMBL419 5 0.004523 4.995477 
CHEMBL4297524 5 0.004638 4.995362 
CHEMBL2146883 5 0.004728 4.995272 
CHEMBL1208829 5 0.004776 4.995224 
CHEMBL119385 5 0.004795 4.995205 
CHEMBL3939284 5 0.004945 4.995055 
CHEMBL1232461 5 0.005003 4.994997 
CHEMBL1779710 5 0.005166 4.994834 
CHEMBL4208229 5 0.005493 4.994506 
CHEMBL2043025 5 0.005545 4.994455 
CHEMBL220491 5 0.005668 4.994332 
CHEMBL1201161 5 0.005703 4.994297 
CHEMBL4297613 5 0.005773 4.994227 
CHEMBL3991065 5 0.005849 4.994151 
CHEMBL2111083 5 0.005865 4.994135 
CHEMBL1229211 5 0.006178 4.993822 
CHEMBL2386346 5 0.006412 4.993588 
CHEMBL2333941 5 0.006595 4.993405 
CHEMBL4297477 5 0.006669 4.99333 
CHEMBL237500 5 0.006715 4.993285 
CHEMBL2402737 5 0.006743 4.993257 
CHEMBL514201 5 0.006854 4.993146 
CHEMBL1182714 5 0.006924 4.993076 
CHEMBL197194 5 0.006987 4.993013 
CHEMBL2364607 5 0.007007 4.992993 
CHEMBL1189025 5 0.007091 4.992909 
CHEMBL377300 5 0.0071 4.9929 
CHEMBL217092 5 0.007103 4.992897 
CHEMBL4297465 5 0.007381 4.992619 
CHEMBL2218893 5 0.007467 4.992533 
CHEMBL1088750 5 0.007701 4.992299 
CHEMBL3989516 5 0.007807 4.992193 
CHEMBL21 5 0.007856 4.992144 
CHEMBL1614766 5 0.00826 4.99174 
CHEMBL1163 5 0.00828 4.99172 
CHEMBL3301601 5 0.008495 4.991505 
CHEMBL3989867 5 0.008649 4.991351 
CHEMBL1258517 5 0.008687 4.991313 
CHEMBL3544964 5 0.008797 4.991203 
CHEMBL75094 5 0.008932 4.991068 
CHEMBL3301608 5 0.008942 4.991058 
CHEMBL1205 5 0.009379 4.990621 
CHEMBL4300154 5 0.009644 4.990356 
CHEMBL3904602 5 0.009658 4.990341 
CHEMBL584 5 0.009761 4.990239 
CHEMBL3545264 5 0.010015 4.989985 
CHEMBL518520 5 0.010344 4.989656 
CHEMBL554 5 0.010414 4.989586 
CHEMBL1200678 5 0.010508 4.989492 
CHEMBL3301616 5 0.010648 4.989352 
CHEMBL3681949 5 0.010672 4.989328 
CHEMBL3125702 5 0.010909 4.989091 
CHEMBL3982690 5 0.011008 4.988992 
CHEMBL3545215 5 0.011107 4.988893 
CHEMBL1645462 5 0.011386 4.988614 
CHEMBL1738757 5 0.011424 4.988576 
CHEMBL3287218 5 0.011606 4.988394 
CHEMBL603469 5 0.011685 4.988315 
CHEMBL1735 5 0.01177 4.98823 
CHEMBL197672 5 0.012209 4.98779 
CHEMBL2331680 5 0.012282 4.987719 
CHEMBL2218919 5 0.012574 4.987426 
CHEMBL2041933 5 0.012685 4.987315 
CHEMBL3137330 5 0.012943 4.987057 
CHEMBL296468 5 0.013151 4.986849 
CHEMBL2205230 5 0.013314 4.986686 
CHEMBL2403238 5 0.0135 4.9865 
CHEMBL2105754 5 0.013905 4.986095 
CHEMBL393220 5 0.014134 4.985866 
CHEMBL2010872 5 0.014277 4.985723 
CHEMBL1688529 5 0.014316 4.985684 
CHEMBL115 5 0.014573 4.985427 
CHEMBL4297600 5 0.015219 4.984781 
CHEMBL4297324 5 0.015303 4.984697 
CHEMBL1487 5 0.015432 4.984568 
CHEMBL2386889 5 0.01614 4.98386 
CHEMBL2347655 5 0.016289 4.983711 
CHEMBL1201179 5 0.016307 4.983693 
CHEMBL2103838 5 0.016596 4.983404 
CHEMBL4212531 5 0.016667 4.983333 
CHEMBL3301610 5 0.01668 4.98332 
CHEMBL305666 5 0.016773 4.983226 
CHEMBL1079593 5 0.01682 4.98318 
CHEMBL1614650 5 0.017251 4.982749 
CHEMBL2387080 5 0.017298 4.982702 
CHEMBL1951575 5 0.017402 4.982598 
CHEMBL1091644 5 0.017558 4.982442 
CHEMBL1651956 5 0.017794 4.982206 
CHEMBL1660 5 0.018064 4.981936 
CHEMBL3989461 5 0.018215 4.981784 
CHEMBL4297454 5 0.018413 4.981587 
CHEMBL575448 5 0.018588 4.981413 
CHEMBL2396989 5 0.018759 4.981242 
CHEMBL1213165 5 0.019032 4.980968 
CHEMBL3911164 5 0.019939 4.980061 
CHEMBL2364639 5 0.020138 4.979862 
CHEMBL3301603 5 0.020224 4.979776 
CHEMBL3987016 5 0.020618 4.979382 
CHEMBL1650443 5 0.021138 4.978862 
CHEMBL440498 5 0.021283 4.978716 
CHEMBL1096896 5 0.021444 4.978556 
CHEMBL223228 5 0.021673 4.978327 
CHEMBL2103840 5 0.021689 4.978311 
CHEMBL1208422 5 0.021807 4.978193 
CHEMBL494089 5 0.02207 4.97793 
CHEMBL3695568 5 0.022178 4.977822 
CHEMBL2105637 5 0.022406 4.977594 
CHEMBL4297505 5 0.022455 4.977545 
CHEMBL1095032 5 0.022537 4.977464 
CHEMBL3894860 5 0.022678 4.97732 
CHEMBL521686 5 0.022895 4.977105 
CHEMBL1086218 5 0.023321 4.976679 
CHEMBL481 5 0.023525 4.976475 
CHEMBL1688243 5 0.024165 4.975835 
CHEMBL3301622 5 0.024244 4.975756 
CHEMBL3707248 5 0.02428 4.97572 
CHEMBL1873475 5 0.024345 4.975655 
CHEMBL2107831 5 0.024491 4.975509 
CHEMBL1801250 5 0.024606 4.975394 
CHEMBL3039520 5 0.025473 4.974527 
CHEMBL220050 5 0.025508 4.974492 
CHEMBL24828 5 0.025618 4.974382 
CHEMBL3989868 5 0.02623 4.97377 
CHEMBL4297526 5 0.026411 4.973589 
CHEMBL160 5 0.026971 4.973028 
CHEMBL607707 5 0.027294 4.972706 
CHEMBL3989766 5 0.027719 4.972281 
CHEMBL1201250 5 0.027787 4.972213 
CHEMBL598797 5 0.028147 4.971853 
CHEMBL3181870 5 0.028269 4.971731 
CHEMBL3989514 5 0.028589 4.971411 
CHEMBL4297189 5 0.028718 4.971282 
CHEMBL3707269 5 0.029122 4.970878 
CHEMBL1200707 5 0.029342 4.970658 
CHEMBL3414621 5 0.029438 4.970562 
CHEMBL2107777 5 0.029771 4.970229 
CHEMBL3707235 5 0.029834 4.970166 
CHEMBL2403108 5 0.030369 4.969631 
CHEMBL363648 5 0.030856 4.969144 
CHEMBL2105638 5 0.030989 4.969011 
CHEMBL1739 5 0.031257 4.968743 
CHEMBL1829174 5 0.031258 4.968741 
CHEMBL4093031 5 0.031313 4.968687 
CHEMBL203567 5 0.031556 4.968444 
CHEMBL1195136 5 0.031768 4.968232 
CHEMBL1200692 5 0.03196 4.96804 
CHEMBL82202 5 0.032081 4.967919 
CHEMBL1922235 5 0.032368 4.967632 
CHEMBL200177 5 0.033188 4.966812 
CHEMBL1193948 5 0.033725 4.966275 
CHEMBL3622821 5 0.034343 4.965657 
CHEMBL1088751 5 0.034729 4.965271 
CHEMBL1200866 5 0.034796 4.965204 
CHEMBL2359093 5 0.034882 4.965118 
CHEMBL3113734 5 0.035065 4.964935 
CHEMBL4297597 5 0.035204 4.964796 
CHEMBL3137308 5 0.035281 4.964719 
CHEMBL522892 5 0.035334 4.964666 
CHEMBL507361 5 0.03577 4.96423 
CHEMBL3137313 5 0.035984 4.964016 
CHEMBL2104954 5 0.036049 4.963951 
CHEMBL3989759 5 0.036266 4.963734 
CHEMBL4297628 5 0.03709 4.96291 
CHEMBL1259 5 0.038041 4.961959 
CHEMBL500853 5 0.038297 4.961703 
CHEMBL1688530 5 0.038508 4.961492 
CHEMBL64391 5 0.03855 4.96145 
CHEMBL1587 5 0.03869 4.96131 
CHEMBL3183409 5 0.03893 4.96107 
CHEMBL482967 5 0.039345 4.960655 
CHEMBL1233940 5 0.039442 4.960558 
CHEMBL1214827 5 0.0399 4.9601 
CHEMBL3287379 5 0.039969 4.960031 
CHEMBL4292264 5 0.040203 4.959797 
CHEMBL4297455 5 0.040343 4.959657 
CHEMBL3989866 5 0.041195 4.958805 
CHEMBL513909 5 0.04122 4.95878 
CHEMBL1554 5 0.041327 4.958673 
CHEMBL219410 5 0.041854 4.958146 
CHEMBL574738 5 0.042539 4.957461 
CHEMBL512351 5 0.042962 4.957038 
CHEMBL3989968 5 0.043362 4.956638 
CHEMBL3674570 5 0.043715 4.956285 
CHEMBL4065122 5 0.043781 4.956219 
CHEMBL4297374 5 0.044449 4.955551 
CHEMBL570015 5 0.044996 4.955004 
CHEMBL109480 5 0.045272 4.954728 
CHEMBL1230065 5 0.046214 4.953786 
CHEMBL3989921 5 0.046341 4.953659 
CHEMBL3039513 5 0.046587 4.953413 
CHEMBL1952329 5 0.046917 4.953083 
CHEMBL4297063 5 0.046939 4.953061 
CHEMBL1269597 5 0.047664 4.952336 
CHEMBL3286830 5 0.04781 4.95219 
CHEMBL3545312 5 0.048953 4.951047 
CHEMBL1090479 5 0.049693 4.950307 
CHEMBL545437 5 0.049793 4.950207 
CHEMBL3963485 5 0.049901 4.950099 
CHEMBL4297478 5 0.050207 4.949793 
CHEMBL3301599 5 0.050212 4.949787 
CHEMBL2103858 5 0.050287 4.949713 
CHEMBL3920982 5 0.050326 4.949674 
CHEMBL178654 5 0.051383 4.948617 
CHEMBL3121849 5 0.051964 4.948036 
CHEMBL2103842 5 0.051972 4.948028 
CHEMBL4297377 5 0.052152 4.947848 
CHEMBL4297467 5 0.052457 4.947543 
CHEMBL4301163 5 0.052677 4.947323 
CHEMBL3261331 5 0.053231 4.946769 
CHEMBL1082723 5 0.05338 4.94662 
CHEMBL4297528 5 0.054307 4.945693 
CHEMBL3545420 5 0.055004 4.944996 
CHEMBL2012520 5 0.055983 4.944017 
CHEMBL4297423 5 0.056475 4.943525 
CHEMBL3359265 5 0.05709 4.94291 
CHEMBL180022 5 0.057625 4.942376 
CHEMBL4297315 5 0.058121 4.941879 
CHEMBL450449 5 0.058232 4.941768 
CHEMBL4297527 5 0.058249 4.941751 
CHEMBL457748 5 0.058373 4.941628 
CHEMBL14249 5 0.058888 4.941112 
CHEMBL2323775 5 0.059132 4.940869 
CHEMBL278315 5 0.059672 4.940328 
CHEMBL2058833 5 0.060224 4.939776 
CHEMBL1938400 5 0.062019 4.937981 
CHEMBL1967878 5 0.062607 4.937394 
CHEMBL2110666 5 0.063147 4.936853 
CHEMBL2013174 5 0.063182 4.936818 
CHEMBL592445 5 0.065716 4.934284 
CHEMBL107 5 0.065952 4.934048 
CHEMBL850 5 0.066044 4.933956 
CHEMBL2104962 5 0.066834 4.933166 
CHEMBL4217292 5 0.067444 4.932556 
CHEMBL20 5 0.068145 4.931855 
CHEMBL2105708 5 0.069509 4.930491 
CHEMBL4297302 5 0.069808 4.930192 
CHEMBL2079588 5 0.070059 4.929941 
CHEMBL2107751 5 0.072436 4.927564 
CHEMBL1171837 5 0.07368 4.92632 
CHEMBL3545340 5 0.073997 4.926003 
CHEMBL4297475 5 0.074404 4.925598 
CHEMBL4297676 5 0.07685 4.92315 
CHEMBL374478 5 0.078748 4.921251 
CHEMBL595573 5 0.079261 4.920739 
CHEMBL2105891 5 0.08087 4.91913 
CHEMBL3793226 5 0.081569 4.918431 
CHEMBL1835919 5 0.083972 4.916028 
CHEMBL2303613 5 0.084237 4.915763 
CHEMBL1421 5 0.086303 4.913697 
CHEMBL35228 5 0.086844 4.913156 
CHEMBL2107832 5 0.086859 4.913141 
CHEMBL3137317 5 0.087318 4.912682 
CHEMBL4297542 5 0.087946 4.912054 
CHEMBL2105737 5 0.08814 4.91186 
CHEMBL219586 5 0.088185 4.911815 
CHEMBL4297601 5 0.088943 4.911057 
CHEMBL2031465 5 0.089358 4.910642 
CHEMBL383824 5 0.090379 4.909621 
CHEMBL3545062 5 0.091244 4.908756 
CHEMBL490029 5 0.091649 4.908351 
CHEMBL587723 5 0.091965 4.908035 
CHEMBL2364611 5 0.092943 4.907057 
CHEMBL1983268 5 0.093559 4.906441 
CHEMBL2364638 5 0.094275 4.905725 
CHEMBL2095224 5 0.094995 4.905005 
CHEMBL2105698 5 0.095135 4.904865 
CHEMBL297812 5 0.097279 4.902721 
CHEMBL2146086 5 0.098477 4.901523 
CHEMBL2105630 5 0.100494 4.899505 
CHEMBL4297482 5 0.100965 4.899035 
CHEMBL206834 5 0.101536 4.898464 
CHEMBL2170582 5 0.101674 4.898326 
CHEMBL3975308 5 0.10191 4.89809 
CHEMBL3989969 5 0.10198 4.898021 
CHEMBL3580737 5 0.102887 4.897113 
CHEMBL1237070 5 0.103225 4.896775 
CHEMBL1201174 5 0.104081 4.895919 
CHEMBL94 5 0.107136 4.892864 
CHEMBL338975 5 0.107784 4.892216 
CHEMBL457547 5 0.108835 4.891165 
CHEMBL3639788 5 0.109515 4.890485 
CHEMBL1422 5 0.109665 4.890335 
CHEMBL2105728 5 0.111271 4.888729 
CHEMBL3989908 5 0.112085 4.887915 
CHEMBL3989931 5 0.113184 4.886816 
CHEMBL4204794 5 0.113257 4.886743 
CHEMBL1236924 5 0.113972 4.886028 
CHEMBL428690 5 0.113991 4.886009 
CHEMBL1201281 5 0.117319 4.88268 
CHEMBL265502 5 0.118217 4.881783 
CHEMBL1276678 5 0.119591 4.880409 
CHEMBL3545042 5 0.120148 4.879852 
CHEMBL3182621 5 0.122374 4.877626 
CHEMBL503 5 0.125179 4.874821 
CHEMBL3265032 5 0.127456 4.872543 
CHEMBL1939499 5 0.127529 4.872471 
CHEMBL1615025 5 0.128665 4.871336 
CHEMBL3184679 5 0.129443 4.870557 
CHEMBL3545076 5 0.131224 4.868776 
CHEMBL262777 5 0.133958 4.866042 
CHEMBL4297261 5 0.13666 4.86334 
CHEMBL603 5 0.137201 4.862799 
CHEMBL4297323 5 0.139408 4.860592 
CHEMBL152067 5 0.141397 4.858603 
CHEMBL3828074 5 0.141661 4.858339 
CHEMBL41355 5 0.14243 4.85757 
CHEMBL1289926 5 0.143825 4.856175 
CHEMBL1082407 5 0.146501 4.853498 
CHEMBL3623004 5 0.148706 4.851294 
CHEMBL4297367 5 0.150628 4.849372 
CHEMBL1213492 5 0.150696 4.849304 
CHEMBL3544932 5 0.151921 4.848079 
CHEMBL1477 5 0.152812 4.847187 
CHEMBL31965 5 0.154778 4.845222 
CHEMBL4071161 5 0.154924 4.845076 
CHEMBL790 5 0.156668 4.843332 
CHEMBL3545166 5 0.161174 4.838826 
CHEMBL255044 5 0.161267 4.838733 
CHEMBL1144 5 0.164223 4.835777 
CHEMBL4297629 5 0.168914 4.831086 
CHEMBL4297088 5 0.170463 4.829537 
CHEMBL3319236 5 0.170846 4.829154 
CHEMBL545315 5 0.175098 4.824902 
CHEMBL38827 5 0.175713 4.824287 
CHEMBL1200628 5 0.177494 4.822505 
CHEMBL304087 5 0.178288 4.821712 
CHEMBL1481 5 0.17884 4.82116 
CHEMBL254316 5 0.180466 4.819534 
CHEMBL553 5 0.184218 4.815782 
CHEMBL322241 5 0.184539 4.815461 
CHEMBL2107823 5 0.186082 4.813918 
CHEMBL46618 5 0.186199 4.813801 
CHEMBL3707312 5 0.186888 4.813112 
CHEMBL2354444 5 0.187221 4.812779 
CHEMBL1200507 5 0.187231 4.812769 
CHEMBL3338194 5 0.188246 4.811754 
CHEMBL1184904 5 0.189412 4.810588 
CHEMBL564829 5 0.189758 4.810242 
CHEMBL225411 5 0.190834 4.809166 
CHEMBL1789842 5 0.191859 4.808141 
CHEMBL2218894 5 0.192536 4.807464 
CHEMBL44426 5 0.193539 4.806462 
CHEMBL3989887 5 0.196035 4.803965 
CHEMBL1289601 5 0.196747 4.803253 
CHEMBL514270 5 0.198 4.802 
CHEMBL377559 5 0.198985 4.801015 
CHEMBL1171829 5 0.199105 4.800895 
CHEMBL3137315 5 0.199642 4.800358 
CHEMBL4297668 5 0.199832 4.800168 
CHEMBL3948730 5 0.200421 4.799579 
CHEMBL4297183 5 0.200424 4.799576 
CHEMBL1064 5 0.200624 4.799376 
CHEMBL482968 5 0.20128 4.79872 
CHEMBL105442 5 0.204324 4.795676 
CHEMBL1484251 5 0.206035 4.793965 
CHEMBL3545369 5 0.20605 4.79395 
CHEMBL2105131 5 0.209201 4.790799 
CHEMBL2105704 5 0.211814 4.788186 
CHEMBL4291143 5 0.212971 4.787029 
CHEMBL2177913 5 0.21377 4.786231 
CHEMBL1095777 5 0.2142 4.7858 
CHEMBL1276308 5 0.214374 4.785626 
CHEMBL1200729 5 0.214405 4.785595 
CHEMBL3989869 5 0.214651 4.785349 
CHEMBL1672635 5 0.216116 4.783884 
CHEMBL2181753 5 0.216525 4.783475 
CHEMBL1741078 5 0.218785 4.781215 
CHEMBL2447908 5 0.22214 4.77786 
CHEMBL501849 5 0.222229 4.777771 
CHEMBL2263632 5 0.223108 4.776892 
CHEMBL3137320 5 0.223664 4.776336 
CHEMBL103667 5 0.224417 4.775582 
CHEMBL4205422 5 0.224691 4.775309 
CHEMBL1236962 5 0.228763 4.771237 
CHEMBL269259 5 0.233214 4.766786 
CHEMBL3137318 5 0.233479 4.766521 
CHEMBL1173655 5 0.235659 4.764341 
CHEMBL1079742 5 0.235743 4.764257 
CHEMBL488436 5 0.236215 4.763785 
CHEMBL2403318 5 0.236647 4.763353 
CHEMBL3622820 5 0.237635 4.762365 
CHEMBL4297657 5 0.238408 4.761592 
CHEMBL4297067 5 0.240391 4.759609 
CHEMBL1543 5 0.24166 4.75834 
CHEMBL1230609 5 0.243712 4.756288 
CHEMBL2105712 5 0.243845 4.756155 
CHEMBL398891 5 0.244402 4.755598 
CHEMBL267431 5 0.24456 4.75544 
CHEMBL572878 5 0.248452 4.751548 
CHEMBL3545274 5 0.24935 4.75065 
CHEMBL2105759 5 0.249872 4.750128 
CHEMBL3545308 5 0.251714 4.748285 
CHEMBL1944698 5 0.252476 4.747524 
CHEMBL2107340 5 0.254333 4.745667 
CHEMBL4297633 5 0.256902 4.743098 
CHEMBL4297647 5 0.257337 4.742663 
CHEMBL269732 5 0.258002 4.741998 
CHEMBL303933 5 0.260129 4.739872 
CHEMBL2105680 5 0.260146 4.739854 
CHEMBL508360 5 0.267727 4.732272 
CHEMBL3545085 5 0.269193 4.730807 
CHEMBL4297636 5 0.270929 4.729071 
CHEMBL1980297 5 0.273309 4.726691 
CHEMBL539666 5 0.273654 4.726346 
CHEMBL2220486 5 0.27434 4.725659 
CHEMBL4085457 5 0.275879 4.72412 
CHEMBL2104404 5 0.277014 4.722986 
CHEMBL2142592 5 0.280206 4.719794 
CHEMBL46740 5 0.281794 4.718206 
CHEMBL1652442 5 0.283317 4.716681 
CHEMBL3545396 5 0.283646 4.716354 
CHEMBL435 5 0.286299 4.713701 
CHEMBL2106615 5 0.287134 4.712866 
CHEMBL506981 5 0.288463 4.711537 
CHEMBL2105741 5 0.293557 4.706445 
CHEMBL277100 5 0.295069 4.704931 
CHEMBL2110727 5 0.297047 4.702953 
CHEMBL521851 5 0.298422 4.701578 
CHEMBL2107772 5 0.299997 4.700003 
CHEMBL2017974 5 0.300774 4.699226 
CHEMBL2035187 5 0.304385 4.695615 
CHEMBL2103875 5 0.3071 4.6929 
CHEMBL2105857 5 0.307854 4.692146 
CHEMBL3989926 5 0.308623 4.691377 
CHEMBL729 5 0.313687 4.686313 
CHEMBL2107787 5 0.314233 4.685767 
CHEMBL107367 5 0.317168 4.682832 
CHEMBL4297507 5 0.317497 4.682503 
CHEMBL3643413 5 0.320067 4.679933 
CHEMBL1200555 5 0.320274 4.679727 
CHEMBL3348923 5 0.320342 4.679658 
CHEMBL4297664 5 0.320927 4.679073 
CHEMBL3707350 5 0.325386 4.674614 
CHEMBL3039498 5 0.328197 4.671804 
CHEMBL4297498 5 0.329134 4.670866 
CHEMBL3989909 5 0.329434 4.670565 
CHEMBL1200480 5 0.331098 4.668902 
CHEMBL2107212 5 0.332779 4.667221 
CHEMBL3402762 5 0.334308 4.665693 
CHEMBL257662 5 0.334623 4.665377 
CHEMBL1673159 5 0.335068 4.664932 
CHEMBL403664 5 0.336124 4.663875 
CHEMBL447955 5 0.336417 4.663583 
CHEMBL1680 5 0.339037 4.660963 
CHEMBL4297181 5 0.341723 4.658278 
CHEMBL2105834 5 0.346089 4.653911 
CHEMBL444633 5 0.347108 4.652892 
CHEMBL413 5 0.348028 4.651972 
CHEMBL3663929 5 0.348156 4.651844 
CHEMBL583 5 0.348949 4.651051 
CHEMBL1922094 5 0.349629 4.65037 
CHEMBL1275839 5 0.35751 4.642492 
CHEMBL2107495 5 0.358307 4.641693 
CHEMBL231779 5 0.359597 4.640403 
CHEMBL437765 5 0.371026 4.628975 
CHEMBL1200393 5 0.371569 4.628431 
CHEMBL2325741 5 0.373863 4.626137 
CHEMBL4297589 5 0.374866 4.625134 
CHEMBL3085504 5 0.375344 4.624656 
CHEMBL435883 5 0.376067 4.623933 
CHEMBL3187683 5 0.376612 4.623387 
CHEMBL402548 5 0.377229 4.622771 
CHEMBL3137314 5 0.38014 4.61986 
CHEMBL3360203 5 0.380981 4.619019 
CHEMBL4297645 5 0.383301 4.616699 
CHEMBL592435 5 0.384657 4.615343 
CHEMBL4297615 5 0.389658 4.610341 
CHEMBL3545341 5 0.389905 4.610096 
CHEMBL2105686 5 0.391498 4.608502 
CHEMBL4297187 5 0.391654 4.608346 
CHEMBL1200686 5 0.393255 4.606745 
CHEMBL2107384 5 0.394725 4.605275 
CHEMBL1200681 5 0.395111 4.604889 
CHEMBL2087361 5 0.39568 4.60432 
CHEMBL346631 5 0.40213 4.59787 
CHEMBL787 5 0.40235 4.59765 
CHEMBL2103791 5 0.404516 4.595483 
CHEMBL3544911 5 0.404793 4.595207 
CHEMBL1207745 5 0.405437 4.594563 
CHEMBL126648 5 0.405456 4.594543 
CHEMBL1616008 5 0.405501 4.594499 
CHEMBL3787344 5 0.409979 4.590021 
CHEMBL3301607 5 0.412691 4.587309 
CHEMBL1667969 5 0.412696 4.587304 
CHEMBL3407547 5 0.414733 4.585267 
CHEMBL3301606 5 0.416139 4.583861 
CHEMBL3707348 5 0.41827 4.58173 
CHEMBL1615807 5 0.418888 4.581112 
CHEMBL289228 5 0.419235 4.580765 
CHEMBL203665 5 0.419611 4.580388 
CHEMBL3545337 5 0.429581 4.570419 
CHEMBL3707372 5 0.430632 4.569368 
CHEMBL1230165 5 0.431357 4.568643 
CHEMBL1614701 5 0.432343 4.567657 
CHEMBL4297530 5 0.433361 4.566639 
CHEMBL3545163 5 0.436512 4.563488 
CHEMBL3219124 5 0.439693 4.560307 
CHEMBL1733174 5 0.44395 4.55605 
CHEMBL1951914 5 0.449575 4.550425 
CHEMBL1084546 5 0.450093 4.549907 
CHEMBL3334567 5 0.450942 4.549058 
CHEMBL4297413 5 0.453957 4.546043 
CHEMBL1200641 5 0.454545 4.545455 
CHEMBL1360 5 0.454718 4.545282 
CHEMBL1200951 5 0.456785 4.543215 
CHEMBL1614702 5 0.457547 4.542453 
CHEMBL2105684 5 0.460753 4.539247 
CHEMBL436774 5 0.461621 4.538379 
CHEMBL236593 5 0.46205 4.53795 
CHEMBL3916717 5 0.464801 4.535199 
CHEMBL1911274 5 0.465337 4.534663 
CHEMBL2392545 5 0.46786 4.532139 
CHEMBL551813 5 0.470498 4.529502 
CHEMBL82301 5 0.472406 4.527594 
CHEMBL2103828 5 0.473226 4.526775 
CHEMBL4297416 5 0.475038 4.524962 
CHEMBL1200607 5 0.479556 4.520444 
CHEMBL4297480 5 0.479822 4.520178 
CHEMBL1200527 5 0.481502 4.518499 
CHEMBL1200647 5 0.482064 4.517936 
CHEMBL3304244 5 0.483032 4.516968 
CHEMBL4283683 5 0.483935 4.516065 
CHEMBL338604 5 0.485336 4.514664 
CHEMBL1201248 5 0.485767 4.514233 
CHEMBL515387 5 0.491728 4.508272 
CHEMBL2103743 5 0.492602 4.507398 
CHEMBL3186534 5 0.495034 4.504966 
CHEMBL2364608 5 0.496755 4.503245 
CHEMBL3039503 5 0.498012 4.501988 
CHEMBL551064 5 0.50096 4.49904 
CHEMBL2364614 5 0.502387 4.497613 
CHEMBL1231160 5 0.503853 4.496147 
CHEMBL221959 5 0.503935 4.496065 
CHEMBL3989914 5 0.505321 4.494679 
CHEMBL1963502 5 0.505666 4.494334 
CHEMBL4297142 5 0.505846 4.494154 
CHEMBL60889 5 0.507747 4.492253 
CHEMBL3967849 5 0.509994 4.490006 
CHEMBL499808 5 0.518319 4.481681 
CHEMBL1908360 5 0.519584 4.480416 
CHEMBL1950651 5 0.522163 4.477837 
CHEMBL3545414 5 0.522678 4.477322 
CHEMBL2219422 5 0.52333 4.47667 
CHEMBL1254709 5 0.525787 4.474213 
CHEMBL2105656 5 0.534724 4.465276 
CHEMBL4297487 5 0.535551 4.464449 
CHEMBL609583 5 0.537691 4.462309 
CHEMBL1198855 5 0.540204 4.459796 
CHEMBL941 5 0.541457 4.458543 
CHEMBL119 5 0.544678 4.455323 
CHEMBL593 5 0.548333 4.451667 
CHEMBL562668 5 0.551808 4.448192 
CHEMBL1512580 5 0.557522 4.442478 
CHEMBL929 5 0.558703 4.441298 
CHEMBL70663 5 0.561707 4.438293 
CHEMBL1642 5 0.568516 4.431484 
CHEMBL16498 5 0.572583 4.427417 
CHEMBL1237123 5 0.573397 4.426603 
CHEMBL4297289 5 0.575259 4.424741 
CHEMBL4297469 5 0.587908 4.412093 
CHEMBL1938870 5 0.593054 4.406947 
CHEMBL173929 5 0.596261 4.403739 
CHEMBL2218878 5 0.598398 4.401602 
CHEMBL451887 5 0.599773 4.400226 
CHEMBL1201752 5 0.600022 4.399978 
CHEMBL1697845 5 0.602606 4.397394 
CHEMBL1257051 5 0.604362 4.395638 
CHEMBL878 5 0.607505 4.392495 
CHEMBL3545363 5 0.609089 4.39091 
CHEMBL1921847 5 0.609752 4.390248 
CHEMBL1237099 5 0.61095 4.38905 
CHEMBL1908351 5 0.617188 4.382812 
CHEMBL3644587 5 0.62673 4.373271 
CHEMBL298817 5 0.636652 4.363348 
CHEMBL298734 5 0.639035 4.360965 
CHEMBL4297373 5 0.639991 4.360009 
CHEMBL4112930 5 0.64041 4.35959 
CHEMBL511115 5 0.640818 4.359182 
CHEMBL567303 5 0.642283 4.357717 
CHEMBL495727 5 0.643564 4.356436 
CHEMBL1200993 5 0.644337 4.355662 
CHEMBL3786098 5 0.647455 4.352546 
CHEMBL4084907 5 0.661629 4.338371 
CHEMBL3545413 5 0.662561 4.337439 
CHEMBL608533 5 0.673269 4.326731 
CHEMBL4297602 5 0.676259 4.323741 
CHEMBL2062154 5 0.678715 4.321285 
CHEMBL3039583 5 0.680736 4.319264 
CHEMBL4297436 5 0.684117 4.315883 
CHEMBL3545307 5 0.688885 4.311115 
CHEMBL2107455 5 0.691758 4.308243 
CHEMBL258805 5 0.692945 4.307055 
CHEMBL279260 5 0.696049 4.303951 
CHEMBL1908305 5 0.696907 4.303093 
CHEMBL4297481 5 0.705272 4.294728 
CHEMBL1200624 5 0.705686 4.294314 
CHEMBL4297621 5 0.709969 4.290031 
CHEMBL3545188 5 0.725953 4.274047 
CHEMBL4297188 5 0.735203 4.264797 
CHEMBL1200779 5 0.738383 4.261617 
CHEMBL4297278 5 0.760675 4.239325 
CHEMBL3301600 5 0.775172 4.224828 
CHEMBL1560 5 0.779856 4.220144 
CHEMBL3039588 5 0.78358 4.21642 
CHEMBL428 5 0.78581 4.21419 
CHEMBL408350 5 0.802452 4.197548 
CHEMBL3301625 5 0.803283 4.196717 
CHEMBL148674 5 0.815104 4.184895 
CHEMBL496102 5 0.827548 4.172452 
CHEMBL3545403 5 0.837962 4.162038 
CHEMBL107874 5 0.844422 4.155578 
CHEMBL3260567 5 0.846241 4.153759 
CHEMBL2107214 5 0.858476 4.141524 
CHEMBL2103839 5 0.88005 4.11995 
CHEMBL91397 5 0.886982 4.113018 
CHEMBL4297329 5 0.896708 4.103292 
CHEMBL1496 5 0.907901 4.092099 
CHEMBL343448 5 0.909376 4.090624 
CHEMBL396778 5 0.909698 4.090302 
CHEMBL267495 5 0.920484 4.079516 
CHEMBL3545127 5 0.941493 4.058507 
CHEMBL3545126 5 0.954472 4.045528 
CHEMBL1879463 5 0.957464 4.042536 
CHEMBL1161 5 0.958911 4.041089 
CHEMBL48582 5 0.966182 4.033819 
CHEMBL3545252 5 0.97217 4.02783 
CHEMBL41194 5 0.993278 4.006722 
CHEMBL225071 5 1.042491 3.957509 
CHEMBL1267 5 1.045132 3.954867 
CHEMBL1255800 5 1.049502 3.950498 
CHEMBL92 5 1.061012 3.938988 
CHEMBL3989409 5 1.103144 3.896856 
CHEMBL3039522 5 1.104067 3.895933 
CHEMBL1908391 5 1.104583 3.895417 
CHEMBL3545185 5 1.255658 3.744342 
CHEMBL2105949 5 1.264064 3.735936 
CHEMBL226267 5 1.292945 3.707055 
CHEMBL3655081 5 1.310113 3.689887 
CHEMBL4297396 5 1.475129 3.524871 
CHEMBL279433 5 1.523153 3.476847 
CHEMBL4297299 5 1.725518 3.274482 
