CHEMBL18 5 -31.13 23.68 
CHEMBL288441 5 -24.38 19.19 
CHEMBL20 5 -23.62 18.64 
CHEMBL255863 5 -23.84 16.32 
CHEMBL393336 5 -19.85 15.56 
CHEMBL22587 5 -13.58 14.97 
CHEMBL1163 5 -23.15 14.74 
CHEMBL115 5 -24.47 13.66 
CHEMBL584 5 -22.38 13.2 
CHEMBL66274 5 -39.48 12.94 
CHEMBL288100 5 -36.8 12.86 
CHEMBL393220 5 -23.75 12.36 
CHEMBL223228 5 -21.71 12.35 
CHEMBL1064 5 -10.6 12.14 
CHEMBL419 5 -30.91 12.08 
CHEMBL554 5 -23.27 11.47 
CHEMBL1205 5 -22.59 10.89 
CHEMBL603 5 -18.39 10.89 
CHEMBL262022 5 -18.16 10.78 
CHEMBL1421 5 -22.43 9.83 
CHEMBL192892 5 -24.32 8.95 
CHEMBL46740 5 -19.86 8.67 
CHEMBL360055 5 -17.7 8.66 
CHEMBL553 5 -10.14 8.63 
CHEMBL41355 5 -12.42 8.31 
CHEMBL237500 5 -28.62 7.95 
CHEMBL3288667 5 -12.69 7.94 
CHEMBL1439 5 -15.45 7.69 
CHEMBL3261333 5 -29.58 7.48 
CHEMBL343448 5 -5.13 6.43 
CHEMBL231779 5 -19.83 6.36 
CHEMBL451887 5 -12.37 6.34 
CHEMBL439849 5 -8.69 6.29 
CHEMBL1337960 5 -4.81 6.0 
CHEMBL593 5 -10.33 5.91 
CHEMBL481 5 -32.98 5.83 
CHEMBL583 5 -19.63 5.33 
CHEMBL1161 5 -7.55 5.31 
CHEMBL729 5 -19.51 3.88 
CHEMBL1560 5 -7.08 3.55 
CHEMBL422330 5 -20.64 3.5 
CHEMBL1680 5 -15.42 2.84 
CHEMBL119 5 -11.31 2.35 
CHEMBL52609 5 -30.25 1.63 
CHEMBL413 5 -25.68 0.46 
CHEMBL3288959 5 -15.64 0.09 
CHEMBL295272 5 -22.24 -0.08 
CHEMBL1360 5 -20.76 -0.1 
CHEMBL14376 5 -9.77 -1.42 
