CHEMBL66274 5 0.0001 4.9999 
CHEMBL255863 5 0.0001 4.9999 
CHEMBL223228 5 0.0001 4.9999 
CHEMBL288100 5 0.0002 4.9998 
CHEMBL18 5 0.0003 4.9997 
CHEMBL3261333 5 0.0003 4.9997 
CHEMBL288441 5 0.0007 4.9993 
CHEMBL419 5 0.0012 4.9988 
CHEMBL237500 5 0.002 4.998 
CHEMBL584 5 0.003 4.997 
CHEMBL1205 5 0.0039 4.9961 
CHEMBL1163 5 0.0045 4.9955 
CHEMBL554 5 0.0092 4.9908 
CHEMBL115 5 0.0106 4.9894 
CHEMBL192892 5 0.0116 4.9884 
CHEMBL481 5 0.0203 4.9797 
CHEMBL393220 5 0.0207 4.9793 
CHEMBL262022 5 0.0359 4.9641 
CHEMBL22587 5 0.0527 4.9473 
CHEMBL52609 5 0.06 4.94 
CHEMBL413 5 0.0709 4.9291 
CHEMBL393336 5 0.0802 4.9198 
CHEMBL1421 5 0.0905 4.9095 
CHEMBL20 5 0.1021 4.8979 
CHEMBL603 5 0.1048 4.8952 
CHEMBL41355 5 0.162 4.838 
CHEMBL553 5 0.1944 4.8056 
CHEMBL422330 5 0.2 4.8 
CHEMBL3288667 5 0.222 4.778 
CHEMBL1064 5 0.2265 4.7735 
CHEMBL729 5 0.2801 4.7199 
CHEMBL46740 5 0.281 4.719 
CHEMBL295272 5 0.3207 4.6793 
CHEMBL231779 5 0.3331 4.6669 
CHEMBL583 5 0.3502 4.6498 
CHEMBL1680 5 0.3707 4.6293 
CHEMBL1439 5 0.4704 4.5296 
CHEMBL1360 5 0.4707 4.5293 
CHEMBL3288959 5 0.525 4.475 
CHEMBL593 5 0.554 4.446 
CHEMBL451887 5 0.5574 4.4426 
CHEMBL360055 5 0.5972 4.4028 
CHEMBL439849 5 0.6178 4.3822 
CHEMBL119 5 0.626 4.374 
CHEMBL1162 5 0.6391 4.3609 
CHEMBL1560 5 0.7019 4.2981 
CHEMBL114 5 0.7933 4.2067 
CHEMBL343448 5 0.8824 4.1176 
CHEMBL1161 5 0.9324 4.0676 
CHEMBL1337960 5 1.0597 3.9403 
