CHEMBL18 5 -29.9 24.23 
CHEMBL20 5 -26.97 17.39 
CHEMBL393220 5 -21.43 16.13 
CHEMBL288441 5 -28.39 14.66 
CHEMBL1163 5 -22.67 14.51 
CHEMBL1064 5 -9.23 14.13 
CHEMBL288100 5 -31.8 14.09 
CHEMBL255863 5 -27.77 13.92 
CHEMBL1205 5 -21.08 13.91 
CHEMBL1421 5 -20.28 13.37 
CHEMBL419 5 -30.25 12.89 
CHEMBL393336 5 -19.97 12.71 
CHEMBL603 5 -16.36 12.6 
CHEMBL115 5 -22.98 12.34 
CHEMBL192892 5 -20.16 12.33 
CHEMBL223228 5 -20.06 12.04 
CHEMBL584 5 -23.96 11.39 
CHEMBL3261333 5 -22.89 11.32 
CHEMBL262022 5 -19.75 11.08 
CHEMBL237500 5 -26.48 10.81 
CHEMBL66274 5 -34.64 10.69 
CHEMBL22587 5 -17.88 10.57 
CHEMBL1162 5 -9.21 10.24 
CHEMBL481 5 -24.9 9.45 
CHEMBL554 5 -25.82 9.41 
CHEMBL41355 5 -11.99 8.96 
CHEMBL1337960 5 -2.94 8.62 
CHEMBL439849 5 -8.28 7.37 
CHEMBL451887 5 -13.03 6.99 
CHEMBL553 5 -12.02 6.8 
CHEMBL46740 5 -22.37 6.74 
CHEMBL3288667 5 -12.49 6.67 
CHEMBL583 5 -19.53 6.3 
CHEMBL343448 5 -5.84 6.23 
CHEMBL1439 5 -15.38 5.84 
CHEMBL1161 5 -6.72 5.62 
CHEMBL1560 5 -6.56 3.84 
CHEMBL1680 5 -14.97 3.77 
CHEMBL729 5 -21.19 3.6 
CHEMBL52609 5 -28.47 3.17 
CHEMBL422330 5 -20.47 3.12 
CHEMBL295272 5 -20.1 2.35 
CHEMBL119 5 -11.77 1.72 
CHEMBL1360 5 -17.12 0.89 
CHEMBL3288959 5 -15.38 0.17 
CHEMBL231779 5 -25.16 -0.39 
CHEMBL413 5 -28.59 -0.62 
