CHEMBL18 5 0.00029 4.99971 
CHEMBL19 5 0.000834 4.999166 
CHEMBL3916243 5 0.000861 4.999139 
CHEMBL3301612 5 0.000903 4.999097 
CHEMBL3661115 5 0.001162 4.998837 
CHEMBL200102 5 0.001202 4.998798 
CHEMBL1801204 5 0.00135 4.99865 
CHEMBL4297613 5 0.001444 4.998556 
CHEMBL3581647 5 0.001505 4.998495 
CHEMBL1201187 5 0.001599 4.998401 
CHEMBL1236682 5 0.001625 4.998375 
CHEMBL2336325 5 0.001739 4.998261 
CHEMBL1766582 5 0.001805 4.998195 
CHEMBL3939284 5 0.001845 4.998155 
CHEMBL334830 5 0.002118 4.997882 
CHEMBL1780010 5 0.002139 4.997861 
CHEMBL494753 5 0.00218 4.99782 
CHEMBL1201740 5 0.002332 4.997668 
CHEMBL4297524 5 0.002395 4.997605 
CHEMBL4297458 5 0.002485 4.997515 
CHEMBL1230122 5 0.002545 4.997456 
CHEMBL1201161 5 0.002557 4.997443 
CHEMBL1200563 5 0.00271 4.99729 
CHEMBL4297649 5 0.002773 4.997227 
CHEMBL3545378 5 0.002792 4.997208 
CHEMBL591118 5 0.002885 4.997114 
CHEMBL3989948 5 0.00289 4.99711 
CHEMBL198362 5 0.002912 4.997088 
CHEMBL288441 5 0.00295 4.99705 
CHEMBL3402567 5 0.00309 4.99691 
CHEMBL579217 5 0.003116 4.996884 
CHEMBL2386346 5 0.00319 4.99681 
CHEMBL119385 5 0.003193 4.996807 
CHEMBL1200980 5 0.003285 4.996715 
CHEMBL1088752 5 0.003336 4.996664 
CHEMBL206815 5 0.003512 4.996488 
CHEMBL3092562 5 0.003539 4.996461 
CHEMBL220491 5 0.003589 4.996411 
CHEMBL419 5 0.003634 4.996366 
CHEMBL252164 5 0.003643 4.996357 
CHEMBL601719 5 0.003844 4.996156 
CHEMBL217092 5 0.003866 4.996134 
CHEMBL190333 5 0.003921 4.996079 
CHEMBL1614766 5 0.003997 4.996003 
CHEMBL2402737 5 0.00416 4.995841 
CHEMBL255863 5 0.004189 4.995811 
CHEMBL75094 5 0.00429 4.99571 
CHEMBL2381408 5 0.00448 4.99552 
CHEMBL2105762 5 0.004562 4.995438 
CHEMBL1232461 5 0.004916 4.995084 
CHEMBL1090089 5 0.00508 4.99492 
CHEMBL1229211 5 0.005326 4.994674 
CHEMBL2043025 5 0.005473 4.994527 
CHEMBL4297383 5 0.005612 4.994388 
CHEMBL3301616 5 0.005659 4.994341 
CHEMBL3991065 5 0.005816 4.994184 
CHEMBL1951575 5 0.005844 4.994156 
CHEMBL1200678 5 0.005935 4.994065 
CHEMBL2364607 5 0.005962 4.994038 
CHEMBL1779710 5 0.006006 4.993994 
CHEMBL3989867 5 0.006011 4.993989 
CHEMBL518520 5 0.006401 4.993599 
CHEMBL1088750 5 0.006433 4.993567 
CHEMBL197194 5 0.006481 4.993519 
CHEMBL4297470 5 0.006533 4.993467 
CHEMBL1163 5 0.006624 4.993376 
CHEMBL4204869 5 0.006741 4.993258 
CHEMBL3987016 5 0.006883 4.993117 
CHEMBL2218893 5 0.006962 4.993038 
CHEMBL3544964 5 0.007029 4.992971 
CHEMBL3904602 5 0.007062 4.992938 
CHEMBL3301601 5 0.007225 4.992775 
CHEMBL3301610 5 0.00755 4.992449 
CHEMBL237500 5 0.007628 4.992372 
CHEMBL1208829 5 0.007953 4.992047 
CHEMBL2333941 5 0.008326 4.991674 
CHEMBL4208229 5 0.008359 4.99164 
CHEMBL514201 5 0.009048 4.990952 
CHEMBL21 5 0.009119 4.990881 
CHEMBL1205 5 0.009142 4.990858 
CHEMBL2041933 5 0.009221 4.990779 
CHEMBL1079593 5 0.009249 4.990751 
CHEMBL1487 5 0.009366 4.990634 
CHEMBL3545264 5 0.009515 4.990486 
CHEMBL4297465 5 0.009555 4.990445 
CHEMBL584 5 0.009605 4.990395 
CHEMBL1258517 5 0.009651 4.990349 
CHEMBL2010872 5 0.009671 4.990329 
CHEMBL3137330 5 0.009855 4.990145 
CHEMBL3125702 5 0.010232 4.989768 
CHEMBL115 5 0.010311 4.989689 
CHEMBL1189025 5 0.010326 4.989674 
CHEMBL197672 5 0.010522 4.989478 
CHEMBL554 5 0.010731 4.989269 
CHEMBL3989516 5 0.010843 4.989157 
CHEMBL4212531 5 0.011342 4.988658 
CHEMBL3301608 5 0.011393 4.988606 
CHEMBL2146883 5 0.011417 4.988583 
CHEMBL3982690 5 0.011504 4.988496 
CHEMBL3287218 5 0.011617 4.988384 
CHEMBL603469 5 0.011961 4.988039 
CHEMBL2218919 5 0.012142 4.987858 
CHEMBL1688529 5 0.012236 4.987764 
CHEMBL1201179 5 0.012242 4.987758 
CHEMBL2105754 5 0.012439 4.987561 
CHEMBL4297477 5 0.012657 4.987343 
CHEMBL4300154 5 0.01274 4.98726 
CHEMBL4297600 5 0.012841 4.987159 
CHEMBL4297324 5 0.013097 4.986904 
CHEMBL1645462 5 0.013272 4.986728 
CHEMBL1095032 5 0.013473 4.986527 
CHEMBL1650443 5 0.013553 4.986447 
CHEMBL4297505 5 0.01482 4.98518 
CHEMBL3989514 5 0.014858 4.985142 
CHEMBL2111083 5 0.015025 4.984975 
CHEMBL4297526 5 0.01516 4.984839 
CHEMBL3545215 5 0.015261 4.984739 
CHEMBL3911164 5 0.015366 4.984634 
CHEMBL3681949 5 0.015801 4.984199 
CHEMBL296468 5 0.015824 4.984176 
CHEMBL1201250 5 0.01616 4.98384 
CHEMBL1660 5 0.016181 4.983819 
CHEMBL377300 5 0.016258 4.983742 
CHEMBL393220 5 0.01629 4.98371 
CHEMBL440498 5 0.016485 4.983515 
CHEMBL1213165 5 0.01666 4.98334 
CHEMBL2205230 5 0.016809 4.983189 
CHEMBL2386889 5 0.016815 4.983185 
CHEMBL1182714 5 0.016818 4.983182 
CHEMBL223228 5 0.016825 4.983175 
CHEMBL4297454 5 0.016962 4.983038 
CHEMBL305666 5 0.017003 4.982997 
CHEMBL2331680 5 0.017918 4.982081 
CHEMBL2396989 5 0.017921 4.98208 
CHEMBL2103838 5 0.01814 4.98186 
CHEMBL1651956 5 0.018162 4.981838 
CHEMBL160 5 0.01827 4.981731 
CHEMBL1200866 5 0.018446 4.981554 
CHEMBL607707 5 0.018473 4.981527 
CHEMBL1735 5 0.019016 4.980984 
CHEMBL1096896 5 0.019061 4.980939 
CHEMBL3039520 5 0.0194 4.9806 
CHEMBL2364639 5 0.019532 4.980468 
CHEMBL575448 5 0.020921 4.979079 
CHEMBL2403238 5 0.020988 4.979012 
CHEMBL1086218 5 0.021284 4.978716 
CHEMBL494089 5 0.02131 4.978689 
CHEMBL1614650 5 0.02136 4.97864 
CHEMBL3707248 5 0.021489 4.978511 
CHEMBL1738757 5 0.021776 4.978224 
CHEMBL2347655 5 0.021904 4.978096 
CHEMBL220050 5 0.022181 4.97782 
CHEMBL2105637 5 0.022341 4.977659 
CHEMBL481 5 0.022829 4.977171 
CHEMBL3989968 5 0.023299 4.976701 
CHEMBL2104954 5 0.023365 4.976635 
CHEMBL3989461 5 0.023401 4.976599 
CHEMBL2105638 5 0.02372 4.97628 
CHEMBL1091644 5 0.023751 4.976249 
CHEMBL1195136 5 0.024091 4.975909 
CHEMBL521686 5 0.024236 4.975764 
CHEMBL2103840 5 0.024236 4.975764 
CHEMBL2359093 5 0.024296 4.975704 
CHEMBL3894860 5 0.024672 4.975328 
CHEMBL3989868 5 0.024934 4.975066 
CHEMBL3695568 5 0.024993 4.975007 
CHEMBL1269597 5 0.025289 4.974711 
CHEMBL1208422 5 0.025316 4.974683 
CHEMBL4093031 5 0.025397 4.974603 
CHEMBL598797 5 0.025535 4.974465 
CHEMBL3301603 5 0.026462 4.973538 
CHEMBL3989759 5 0.026466 4.973534 
CHEMBL200177 5 0.026816 4.973184 
CHEMBL1688243 5 0.026841 4.973159 
CHEMBL1587 5 0.027934 4.972066 
CHEMBL2107831 5 0.027999 4.972002 
CHEMBL1200707 5 0.028504 4.971496 
CHEMBL4297189 5 0.028565 4.971435 
CHEMBL1829174 5 0.02879 4.97121 
CHEMBL3622821 5 0.028913 4.971087 
CHEMBL4297597 5 0.029159 4.970841 
CHEMBL2107777 5 0.029549 4.970451 
CHEMBL3989766 5 0.030126 4.969874 
CHEMBL482967 5 0.030254 4.969746 
CHEMBL1082723 5 0.030723 4.969277 
CHEMBL507361 5 0.031133 4.968867 
CHEMBL570015 5 0.031695 4.968305 
CHEMBL3414621 5 0.031883 4.968117 
CHEMBL1688530 5 0.031923 4.968077 
CHEMBL3137308 5 0.03197 4.968031 
CHEMBL1200692 5 0.032039 4.967961 
CHEMBL3301622 5 0.032227 4.967773 
CHEMBL4065122 5 0.032386 4.967614 
CHEMBL1259 5 0.032438 4.967562 
CHEMBL3181870 5 0.032674 4.967326 
CHEMBL3359265 5 0.032768 4.967232 
CHEMBL24828 5 0.032935 4.967065 
CHEMBL4297377 5 0.033207 4.966793 
CHEMBL109480 5 0.033496 4.966504 
CHEMBL2387080 5 0.033501 4.966499 
CHEMBL1088751 5 0.03379 4.96621 
CHEMBL2012520 5 0.033817 4.966183 
CHEMBL3707269 5 0.034342 4.965658 
CHEMBL4297628 5 0.034473 4.965527 
CHEMBL2403108 5 0.034766 4.965234 
CHEMBL3286830 5 0.035022 4.964978 
CHEMBL500853 5 0.035025 4.964975 
CHEMBL82202 5 0.035147 4.964853 
CHEMBL3183409 5 0.035442 4.964558 
CHEMBL1554 5 0.035916 4.964084 
CHEMBL3301599 5 0.036388 4.963612 
CHEMBL3674570 5 0.037695 4.962305 
CHEMBL1922235 5 0.03788 4.96212 
CHEMBL3113734 5 0.037939 4.962061 
CHEMBL4297374 5 0.038222 4.961778 
CHEMBL3287379 5 0.038587 4.961413 
CHEMBL64391 5 0.038998 4.961002 
CHEMBL3989866 5 0.039015 4.960985 
CHEMBL4297528 5 0.039509 4.960491 
CHEMBL1801250 5 0.040293 4.959707 
CHEMBL219410 5 0.040457 4.959543 
CHEMBL1873475 5 0.040538 4.959462 
CHEMBL4301163 5 0.041112 4.958888 
CHEMBL545437 5 0.042036 4.957964 
CHEMBL3261331 5 0.042507 4.957493 
CHEMBL592445 5 0.042777 4.957223 
CHEMBL4297063 5 0.042861 4.957139 
CHEMBL4297527 5 0.042887 4.957113 
CHEMBL1952329 5 0.043209 4.956791 
CHEMBL3707235 5 0.043223 4.956777 
CHEMBL574738 5 0.043745 4.956255 
CHEMBL4292264 5 0.044098 4.955902 
CHEMBL1739 5 0.045002 4.954998 
CHEMBL3545420 5 0.045531 4.954469 
CHEMBL2104962 5 0.046106 4.953894 
CHEMBL203567 5 0.04638 4.95362 
CHEMBL850 5 0.046514 4.953486 
CHEMBL522892 5 0.047108 4.952892 
CHEMBL512351 5 0.047145 4.952855 
CHEMBL2013174 5 0.04723 4.95277 
CHEMBL2323775 5 0.047395 4.952604 
CHEMBL14249 5 0.047594 4.952405 
CHEMBL2103842 5 0.048902 4.951098 
CHEMBL1193948 5 0.050188 4.949811 
CHEMBL4297478 5 0.051537 4.948463 
CHEMBL180022 5 0.051706 4.948294 
CHEMBL2103858 5 0.051975 4.948025 
CHEMBL4297455 5 0.052308 4.947692 
CHEMBL513909 5 0.052401 4.947599 
CHEMBL178654 5 0.052574 4.947426 
CHEMBL1233940 5 0.054248 4.945752 
CHEMBL3039513 5 0.054251 4.945749 
CHEMBL363648 5 0.054688 4.945312 
CHEMBL2107751 5 0.055943 4.944057 
CHEMBL1214827 5 0.056061 4.943939 
CHEMBL3137313 5 0.056395 4.943605 
CHEMBL3920982 5 0.056853 4.943147 
CHEMBL1171837 5 0.057249 4.942751 
CHEMBL3545340 5 0.058504 4.941496 
CHEMBL4297467 5 0.059504 4.940496 
CHEMBL1230065 5 0.059739 4.940261 
CHEMBL1090479 5 0.059827 4.940173 
CHEMBL3121849 5 0.060545 4.939455 
CHEMBL2105708 5 0.060764 4.939236 
CHEMBL1835919 5 0.061024 4.938975 
CHEMBL4297315 5 0.063739 4.936261 
CHEMBL3989921 5 0.064037 4.935963 
CHEMBL2110666 5 0.064349 4.935651 
CHEMBL4217292 5 0.064357 4.935643 
CHEMBL3963485 5 0.065287 4.934713 
CHEMBL383824 5 0.065813 4.934187 
CHEMBL457748 5 0.066086 4.933914 
CHEMBL3545312 5 0.066989 4.933012 
CHEMBL2058833 5 0.069192 4.930808 
CHEMBL2079588 5 0.06965 4.93035 
CHEMBL4297475 5 0.070047 4.929953 
CHEMBL374478 5 0.070355 4.929645 
CHEMBL2364638 5 0.071639 4.928361 
CHEMBL450449 5 0.074461 4.925539 
CHEMBL4297423 5 0.076008 4.923991 
CHEMBL278315 5 0.076657 4.923343 
CHEMBL2303613 5 0.07746 4.92254 
CHEMBL4297482 5 0.078405 4.921595 
CHEMBL1201174 5 0.078479 4.921521 
CHEMBL1422 5 0.078613 4.921387 
CHEMBL2105630 5 0.079249 4.920751 
CHEMBL587723 5 0.080892 4.919107 
CHEMBL4297302 5 0.082292 4.917708 
CHEMBL107 5 0.08285 4.91715 
CHEMBL219586 5 0.082999 4.917001 
CHEMBL595573 5 0.084073 4.915927 
CHEMBL2107832 5 0.087523 4.912477 
CHEMBL1289926 5 0.088483 4.911517 
CHEMBL1201281 5 0.088488 4.911512 
CHEMBL297812 5 0.088977 4.911023 
CHEMBL1967878 5 0.089208 4.910792 
CHEMBL2170582 5 0.089803 4.910197 
CHEMBL490029 5 0.090202 4.909798 
CHEMBL3580737 5 0.090324 4.909676 
CHEMBL206834 5 0.090428 4.909572 
CHEMBL3137317 5 0.091266 4.908734 
CHEMBL2105737 5 0.092156 4.907844 
CHEMBL3989931 5 0.092598 4.907402 
CHEMBL94 5 0.095397 4.904603 
CHEMBL2364611 5 0.096974 4.903026 
CHEMBL20 5 0.097133 4.902867 
CHEMBL2095224 5 0.097415 4.902585 
CHEMBL3545062 5 0.098401 4.901599 
CHEMBL2105698 5 0.098601 4.901399 
CHEMBL1938400 5 0.098811 4.901189 
CHEMBL1276678 5 0.098926 4.901073 
CHEMBL3184679 5 0.098984 4.901016 
CHEMBL1983268 5 0.099067 4.900933 
CHEMBL338975 5 0.099455 4.900545 
CHEMBL3989908 5 0.101232 4.898768 
CHEMBL3793226 5 0.101267 4.898733 
CHEMBL1082407 5 0.101606 4.898394 
CHEMBL3182621 5 0.102029 4.897971 
CHEMBL4297542 5 0.103432 4.896568 
CHEMBL4297601 5 0.104579 4.895421 
CHEMBL2146086 5 0.104723 4.895277 
CHEMBL2105728 5 0.104781 4.895219 
CHEMBL3828074 5 0.10506 4.894939 
CHEMBL1615025 5 0.10762 4.89238 
CHEMBL428690 5 0.109471 4.890529 
CHEMBL603 5 0.110654 4.889346 
CHEMBL35228 5 0.111019 4.888981 
CHEMBL4297676 5 0.111136 4.888864 
CHEMBL44426 5 0.114305 4.885695 
CHEMBL265502 5 0.115211 4.884789 
CHEMBL1237070 5 0.115925 4.884075 
CHEMBL2105891 5 0.117606 4.882394 
CHEMBL3989969 5 0.117886 4.882114 
CHEMBL2031465 5 0.117902 4.882098 
CHEMBL1421 5 0.121911 4.878089 
CHEMBL1939499 5 0.122001 4.877999 
CHEMBL503 5 0.1228 4.8772 
CHEMBL4297261 5 0.123477 4.876523 
CHEMBL1236924 5 0.124217 4.875783 
CHEMBL3545076 5 0.12607 4.87393 
CHEMBL457547 5 0.126852 4.873148 
CHEMBL31965 5 0.128378 4.871622 
CHEMBL3545042 5 0.128527 4.871473 
CHEMBL3639788 5 0.131068 4.868932 
CHEMBL304087 5 0.134877 4.865123 
CHEMBL3975308 5 0.135776 4.864224 
CHEMBL4297367 5 0.141099 4.858901 
CHEMBL4071161 5 0.145273 4.854727 
CHEMBL3265032 5 0.14616 4.85384 
CHEMBL3623004 5 0.146877 4.853123 
CHEMBL4204794 5 0.147346 4.852654 
CHEMBL1213492 5 0.147599 4.852401 
CHEMBL790 5 0.147731 4.852269 
CHEMBL1477 5 0.148324 4.851676 
CHEMBL2105131 5 0.148516 4.851484 
CHEMBL41355 5 0.153279 4.846721 
CHEMBL1184904 5 0.154199 4.845801 
CHEMBL514270 5 0.156652 4.843348 
CHEMBL3545166 5 0.159754 4.840246 
CHEMBL4297183 5 0.160462 4.839538 
CHEMBL545315 5 0.160847 4.839153 
CHEMBL255044 5 0.163956 4.836044 
CHEMBL4297629 5 0.168496 4.831504 
CHEMBL3338194 5 0.169133 4.830867 
CHEMBL4297088 5 0.169222 4.830778 
CHEMBL152067 5 0.170078 4.829922 
CHEMBL506981 5 0.171292 4.828708 
CHEMBL1484251 5 0.172039 4.827961 
CHEMBL3544932 5 0.173769 4.826231 
CHEMBL377559 5 0.174363 4.825637 
CHEMBL482968 5 0.175949 4.824051 
CHEMBL1144 5 0.179443 4.820558 
CHEMBL3319236 5 0.180047 4.819954 
CHEMBL3707312 5 0.181157 4.818843 
CHEMBL4297668 5 0.181461 4.818539 
CHEMBL225411 5 0.183128 4.816872 
CHEMBL254316 5 0.186409 4.813591 
CHEMBL46618 5 0.187784 4.812214 
CHEMBL553 5 0.189029 4.810971 
CHEMBL4297323 5 0.189083 4.810917 
CHEMBL3948730 5 0.191513 4.808487 
CHEMBL1200507 5 0.192111 4.807889 
CHEMBL105442 5 0.192348 4.807653 
CHEMBL1064 5 0.193882 4.806118 
CHEMBL1543 5 0.195372 4.804628 
CHEMBL4291143 5 0.198597 4.801403 
CHEMBL3137320 5 0.200024 4.799976 
CHEMBL572878 5 0.20028 4.79972 
CHEMBL2105759 5 0.203478 4.796522 
CHEMBL1079742 5 0.204825 4.795175 
CHEMBL2354444 5 0.204986 4.795014 
CHEMBL1200729 5 0.207543 4.792456 
CHEMBL3989869 5 0.207794 4.792206 
CHEMBL4205422 5 0.207927 4.792073 
CHEMBL1481 5 0.208388 4.791612 
CHEMBL3137315 5 0.210079 4.789921 
CHEMBL2105704 5 0.210625 4.789375 
CHEMBL3545369 5 0.211409 4.788591 
CHEMBL4297657 5 0.211608 4.788392 
CHEMBL1789842 5 0.212757 4.787243 
CHEMBL564829 5 0.213159 4.786841 
CHEMBL262777 5 0.21346 4.78654 
CHEMBL1289601 5 0.213665 4.786335 
CHEMBL1276308 5 0.213939 4.786061 
CHEMBL501849 5 0.2158 4.7842 
CHEMBL3622820 5 0.216119 4.783881 
CHEMBL1200628 5 0.217654 4.782346 
CHEMBL322241 5 0.21884 4.78116 
CHEMBL38827 5 0.220153 4.779847 
CHEMBL1741078 5 0.221666 4.778334 
CHEMBL267431 5 0.223618 4.776382 
CHEMBL3989887 5 0.225429 4.774571 
CHEMBL4297633 5 0.225915 4.774085 
CHEMBL1173655 5 0.226972 4.773028 
CHEMBL2218894 5 0.227964 4.772036 
CHEMBL1230609 5 0.228602 4.771398 
CHEMBL2263632 5 0.230251 4.769748 
CHEMBL3545308 5 0.231114 4.768886 
CHEMBL2107823 5 0.232433 4.767567 
CHEMBL1095777 5 0.232455 4.767545 
CHEMBL2403318 5 0.233319 4.766681 
CHEMBL729 5 0.235324 4.764676 
CHEMBL4297067 5 0.239668 4.760332 
CHEMBL3545396 5 0.239742 4.760258 
CHEMBL2447908 5 0.242892 4.757108 
CHEMBL398891 5 0.243275 4.756725 
CHEMBL1171829 5 0.243283 4.756717 
CHEMBL2107340 5 0.244512 4.755489 
CHEMBL508360 5 0.246537 4.753463 
CHEMBL2105712 5 0.24722 4.75278 
CHEMBL1980297 5 0.248236 4.751764 
CHEMBL2177913 5 0.248332 4.751668 
CHEMBL3137318 5 0.248779 4.751221 
CHEMBL1672635 5 0.25125 4.74875 
CHEMBL2220486 5 0.25345 4.74655 
CHEMBL269732 5 0.254104 4.745896 
CHEMBL2142592 5 0.256314 4.743686 
CHEMBL2105680 5 0.256435 4.743565 
CHEMBL269259 5 0.259414 4.740586 
CHEMBL403664 5 0.259444 4.740556 
CHEMBL3545274 5 0.261783 4.738217 
CHEMBL3545085 5 0.265888 4.734112 
CHEMBL2107787 5 0.267464 4.732536 
CHEMBL2105857 5 0.272008 4.727992 
CHEMBL2035187 5 0.273792 4.726208 
CHEMBL2107772 5 0.274461 4.725539 
CHEMBL2106615 5 0.27663 4.72337 
CHEMBL46740 5 0.278529 4.721471 
CHEMBL1944698 5 0.279987 4.720013 
CHEMBL2107495 5 0.280412 4.719588 
CHEMBL539666 5 0.280752 4.719248 
CHEMBL2104404 5 0.282336 4.717664 
CHEMBL4085457 5 0.284305 4.715695 
CHEMBL2105686 5 0.284842 4.715158 
CHEMBL435 5 0.287997 4.712003 
CHEMBL2181753 5 0.28842 4.71158 
CHEMBL1236962 5 0.288866 4.711134 
CHEMBL521851 5 0.290037 4.709963 
CHEMBL1673159 5 0.29086 4.70914 
CHEMBL4297647 5 0.29377 4.706229 
CHEMBL447955 5 0.294261 4.705739 
CHEMBL3989926 5 0.299182 4.700818 
CHEMBL1200555 5 0.299846 4.700154 
CHEMBL103667 5 0.300525 4.699475 
CHEMBL4297498 5 0.303573 4.696427 
CHEMBL488436 5 0.303654 4.696346 
CHEMBL3348923 5 0.307658 4.692342 
CHEMBL4297507 5 0.308083 4.691918 
CHEMBL1652442 5 0.308847 4.691153 
CHEMBL437765 5 0.309423 4.690577 
CHEMBL402548 5 0.313113 4.686887 
CHEMBL2103875 5 0.314184 4.685816 
CHEMBL231779 5 0.314237 4.685763 
CHEMBL2105741 5 0.317706 4.682294 
CHEMBL2110727 5 0.321666 4.678334 
CHEMBL277100 5 0.325941 4.674059 
CHEMBL3989909 5 0.326411 4.673589 
CHEMBL1200393 5 0.33108 4.66892 
CHEMBL2107212 5 0.333997 4.666003 
CHEMBL3663929 5 0.33431 4.66569 
CHEMBL3707350 5 0.334546 4.665454 
CHEMBL303933 5 0.335135 4.664865 
CHEMBL2325741 5 0.338186 4.661814 
CHEMBL4297181 5 0.339485 4.660515 
CHEMBL444633 5 0.340433 4.659567 
CHEMBL1200480 5 0.34044 4.65956 
CHEMBL592435 5 0.341054 4.658946 
CHEMBL126648 5 0.346596 4.653404 
CHEMBL3402762 5 0.347531 4.652469 
CHEMBL3085504 5 0.348849 4.651151 
CHEMBL1614702 5 0.349355 4.650645 
CHEMBL257662 5 0.350854 4.649146 
CHEMBL3643413 5 0.353248 4.646752 
CHEMBL2017974 5 0.354745 4.645255 
CHEMBL2105834 5 0.355692 4.644308 
CHEMBL435883 5 0.357678 4.642322 
CHEMBL3360203 5 0.357849 4.642151 
CHEMBL4297187 5 0.358671 4.641329 
CHEMBL1207745 5 0.358945 4.641055 
CHEMBL107367 5 0.359622 4.640378 
CHEMBL1200686 5 0.362628 4.637372 
CHEMBL4297636 5 0.363355 4.636644 
CHEMBL1680 5 0.364207 4.635793 
CHEMBL4297664 5 0.368338 4.631662 
CHEMBL3407547 5 0.375001 4.625 
CHEMBL4297589 5 0.377991 4.62201 
CHEMBL3301607 5 0.378662 4.621338 
CHEMBL3545341 5 0.379569 4.620431 
CHEMBL1667969 5 0.38264 4.61736 
CHEMBL2087361 5 0.38391 4.61609 
CHEMBL1922094 5 0.39115 4.608849 
CHEMBL4297480 5 0.39124 4.60876 
CHEMBL3137314 5 0.3913 4.6087 
CHEMBL289228 5 0.393637 4.606363 
CHEMBL551813 5 0.396745 4.603255 
CHEMBL583 5 0.398908 4.601092 
CHEMBL4297615 5 0.399025 4.600975 
CHEMBL1200951 5 0.400701 4.599299 
CHEMBL787 5 0.402046 4.597954 
CHEMBL236593 5 0.405893 4.594107 
CHEMBL4297487 5 0.406592 4.593408 
CHEMBL3787344 5 0.40867 4.59133 
CHEMBL3544911 5 0.409506 4.590494 
CHEMBL4297645 5 0.411376 4.588624 
CHEMBL3301606 5 0.412673 4.587327 
CHEMBL3707348 5 0.413691 4.586308 
CHEMBL3545163 5 0.41393 4.58607 
CHEMBL1200681 5 0.414117 4.585883 
CHEMBL346631 5 0.417736 4.582264 
CHEMBL4297530 5 0.420444 4.579556 
CHEMBL3039498 5 0.420786 4.579214 
CHEMBL3187683 5 0.423625 4.576375 
CHEMBL2105684 5 0.426657 4.573343 
CHEMBL1614701 5 0.427793 4.572207 
CHEMBL413 5 0.428577 4.571422 
CHEMBL3334567 5 0.42892 4.57108 
CHEMBL1230165 5 0.438156 4.561844 
CHEMBL3707372 5 0.439985 4.560015 
CHEMBL3219124 5 0.442004 4.557996 
CHEMBL1616008 5 0.450582 4.549418 
CHEMBL4297413 5 0.451209 4.548791 
CHEMBL1950651 5 0.451254 4.548746 
CHEMBL551064 5 0.457275 4.542725 
CHEMBL203665 5 0.459192 4.540808 
CHEMBL2103828 5 0.459568 4.540432 
CHEMBL1615807 5 0.460347 4.539653 
CHEMBL2392545 5 0.462668 4.537332 
CHEMBL1275839 5 0.465265 4.534735 
CHEMBL2364614 5 0.466604 4.533396 
CHEMBL338604 5 0.466943 4.533057 
CHEMBL2103791 5 0.467225 4.532775 
CHEMBL1201248 5 0.469481 4.530519 
CHEMBL1911274 5 0.469614 4.530386 
CHEMBL3545337 5 0.47142 4.52858 
CHEMBL3304244 5 0.471693 4.528307 
CHEMBL82301 5 0.474213 4.525787 
CHEMBL3916717 5 0.47535 4.52465 
CHEMBL2107384 5 0.477678 4.522322 
CHEMBL1084546 5 0.489555 4.510445 
CHEMBL1231160 5 0.495232 4.504768 
CHEMBL1200641 5 0.499401 4.500599 
CHEMBL3967849 5 0.499453 4.500548 
CHEMBL3039503 5 0.50155 4.49845 
CHEMBL1198855 5 0.502608 4.497393 
CHEMBL221959 5 0.504416 4.495584 
CHEMBL4297289 5 0.505707 4.494293 
CHEMBL2364608 5 0.507294 4.492706 
CHEMBL436774 5 0.508837 4.491163 
CHEMBL562668 5 0.511278 4.488722 
CHEMBL60889 5 0.511423 4.488577 
CHEMBL4297497 5 0.512325 4.487675 
CHEMBL1254709 5 0.516532 4.483468 
CHEMBL451887 5 0.51775 4.482249 
CHEMBL929 5 0.517937 4.482063 
CHEMBL1360 5 0.519194 4.480806 
CHEMBL1200527 5 0.519294 4.480705 
CHEMBL16498 5 0.530855 4.469145 
CHEMBL2105656 5 0.531716 4.468284 
CHEMBL2219422 5 0.536868 4.463132 
CHEMBL2103743 5 0.538765 4.461235 
CHEMBL1642 5 0.539148 4.460852 
CHEMBL3989914 5 0.539705 4.460295 
CHEMBL1733174 5 0.541601 4.458399 
CHEMBL4283683 5 0.545805 4.454195 
CHEMBL1512580 5 0.547274 4.452726 
CHEMBL1162 5 0.55198 4.44802 
CHEMBL1237099 5 0.554478 4.445522 
CHEMBL1910936 5 0.55763 4.44237 
CHEMBL593 5 0.558244 4.441756 
CHEMBL1200647 5 0.563788 4.436212 
CHEMBL1201752 5 0.571403 4.428597 
CHEMBL499808 5 0.572149 4.427851 
CHEMBL4297142 5 0.572869 4.427131 
CHEMBL298734 5 0.578914 4.421086 
CHEMBL70663 5 0.600809 4.399191 
CHEMBL609583 5 0.600822 4.399178 
CHEMBL3644587 5 0.604677 4.395323 
CHEMBL119 5 0.605505 4.394495 
CHEMBL1938870 5 0.608173 4.391826 
CHEMBL298817 5 0.611148 4.388852 
CHEMBL4084907 5 0.615108 4.384892 
CHEMBL4297602 5 0.615894 4.384106 
CHEMBL2218878 5 0.616174 4.383826 
CHEMBL941 5 0.618173 4.381827 
CHEMBL4297373 5 0.61875 4.38125 
CHEMBL3186534 5 0.619438 4.380561 
CHEMBL173929 5 0.621137 4.378863 
CHEMBL1257051 5 0.628543 4.371457 
CHEMBL1908351 5 0.634167 4.365833 
CHEMBL1908305 5 0.635506 4.364494 
CHEMBL495727 5 0.638244 4.361756 
CHEMBL878 5 0.640949 4.359051 
CHEMBL1921847 5 0.645183 4.354818 
CHEMBL1237123 5 0.649158 4.350842 
CHEMBL3545307 5 0.658211 4.341789 
CHEMBL4297481 5 0.660368 4.339632 
CHEMBL3545413 5 0.664328 4.335672 
CHEMBL4297188 5 0.669582 4.330418 
CHEMBL608533 5 0.672119 4.327882 
CHEMBL567303 5 0.68185 4.31815 
CHEMBL3545414 5 0.68212 4.31788 
CHEMBL4112930 5 0.683311 4.316689 
CHEMBL3786098 5 0.683776 4.316224 
CHEMBL2107455 5 0.701082 4.298918 
CHEMBL4297359 5 0.702932 4.297068 
CHEMBL4297436 5 0.703122 4.296878 
CHEMBL4297278 5 0.705686 4.294315 
CHEMBL3545188 5 0.713037 4.286963 
CHEMBL1200624 5 0.715007 4.284993 
CHEMBL1697845 5 0.715031 4.284969 
CHEMBL428 5 0.717935 4.282065 
CHEMBL3301600 5 0.72676 4.27324 
CHEMBL279260 5 0.728327 4.271673 
CHEMBL1200779 5 0.73404 4.26596 
CHEMBL408350 5 0.737101 4.262899 
CHEMBL496102 5 0.7383 4.2617 
CHEMBL3039588 5 0.740196 4.259804 
CHEMBL148674 5 0.747711 4.252288 
CHEMBL4298150 5 0.780287 4.219713 
CHEMBL1560 5 0.783278 4.216722 
CHEMBL3039583 5 0.784309 4.215691 
CHEMBL3545403 5 0.800948 4.199052 
CHEMBL3301625 5 0.804885 4.195115 
CHEMBL258805 5 0.806716 4.193284 
CHEMBL4297484 5 0.810219 4.189781 
CHEMBL1496 5 0.81136 4.188641 
CHEMBL2062154 5 0.833834 4.166166 
CHEMBL2107214 5 0.841093 4.158906 
CHEMBL3260567 5 0.847842 4.152158 
CHEMBL2103839 5 0.860284 4.139716 
CHEMBL3092650 5 0.864623 4.135377 
CHEMBL107874 5 0.876723 4.123277 
CHEMBL41194 5 0.880677 4.119323 
CHEMBL91397 5 0.885251 4.114749 
CHEMBL4297329 5 0.889897 4.110103 
CHEMBL343448 5 0.900773 4.099227 
CHEMBL507870 5 0.904789 4.095211 
CHEMBL396778 5 0.918495 4.081505 
CHEMBL225071 5 0.924143 4.075857 
CHEMBL1161 5 0.927374 4.072626 
CHEMBL3545126 5 0.965512 4.034488 
CHEMBL1879463 5 0.981477 4.018524 
CHEMBL48582 5 0.991947 4.008053 
CHEMBL3545252 5 0.992698 4.007302 
CHEMBL1255800 5 1.007175 3.992825 
CHEMBL1267 5 1.012631 3.987368 
CHEMBL92 5 1.061292 3.938708 
CHEMBL3989801 5 1.085518 3.914481 
CHEMBL3989409 5 1.103085 3.896915 
CHEMBL1908391 5 1.13916 3.86084 
CHEMBL2105949 5 1.189856 3.810144 
CHEMBL3545185 5 1.192057 3.807943 
CHEMBL3039522 5 1.265953 3.734047 
CHEMBL226267 5 1.379249 3.620751 
CHEMBL4297396 5 1.380956 3.619044 
CHEMBL4297611 5 1.390103 3.609897 
CHEMBL14376 5 1.438737 3.561263 
CHEMBL279433 5 1.456543 3.543457 
